1625392800.0,27.18
1625393100.0,27.66
1625393400.0,27.67
1625393700.0,27.67
1625394000.0,27.68
1625394300.0,27.68
1625394600.0,27.69
1625394900.0,27.69
1625395200.0,27.69
1625395500.0,27.69
1625395800.0,27.69
1625396100.0,27.68
1625396400.0,27.69
1625396700.0,27.69
1625397000.0,27.69
1625397300.0,27.69
1625397600.0,27.68
1625397900.0,27.68
1625398200.0,27.68
1625398500.0,27.68
1625398800.0,27.66
1625399100.0,27.68
1625399400.0,27.68
1625399700.0,27.68
1625400000.0,27.68
1625400300.0,27.67
1625400600.0,27.67
1625400900.0,27.67
1625401200.0,27.67
1625401500.0,27.68
1625401800.0,27.67
1625402100.0,27.66
1625402400.0,27.68
1625402700.0,27.68
1625403000.0,27.66
1625403300.0,27.66
1625403600.0,27.68
1625403900.0,27.66
1625404200.0,27.66
1625404500.0,27.67
1625404800.0,27.64
1625405100.0,27.64
1625405400.0,27.66
1625405700.0,27.65
1625406000.0,27.66
1625406300.0,27.64
1625406600.0,27.63
1625406900.0,27.66
1625407200.0,27.63
1625407500.0,27.67
1625407800.0,27.66
1625408100.0,27.65
1625408400.0,27.63
1625408700.0,27.64
1625409000.0,27.65
1625409300.0,27.67
1625409600.0,27.68
1625409900.0,27.66
1625410200.0,27.68
1625410500.0,27.68
1625410800.0,27.68
1625411100.0,27.67
1625411400.0,27.65
1625411700.0,27.64
1625412000.0,27.67
1625412300.0,27.65
1625412600.0,27.66
1625412900.0,27.67
1625413200.0,27.65
1625413500.0,27.65
1625413800.0,27.65
1625414100.0,27.64
1625414400.0,27.67
1625414700.0,27.67
1625415000.0,27.65
1625415300.0,27.67
1625415600.0,27.66
1625415900.0,27.66
1625416200.0,27.66
1625416500.0,27.64
1625416800.0,27.65
1625417100.0,27.65
1625417400.0,27.65
1625417700.0,27.66
1625418000.0,27.67
1625418300.0,27.65
1625418600.0,27.65
1625418900.0,27.67
1625419200.0,27.64
1625419500.0,27.65
1625419800.0,27.64
1625420100.0,27.65
1625420400.0,27.67
1625420700.0,27.65
1625421000.0,27.65
1625421300.0,27.64
1625421600.0,27.65
1625421900.0,27.65
1625422200.0,27.64
1625422500.0,27.65
1625422800.0,27.65
1625423100.0,27.63
1625423400.0,27.63
1625423700.0,27.64
1625424000.0,27.65
1625424300.0,27.63
1625424600.0,27.63
1625424900.0,27.63
1625425200.0,27.65
1625425500.0,27.65
1625425800.0,27.64
1625426100.0,27.64
1625426400.0,27.64
1625426700.0,27.64
1625427000.0,27.65
1625427300.0,27.65
1625427600.0,27.64
1625427900.0,27.63
1625428200.0,27.65
1625428500.0,27.65
1625428800.0,27.65
1625429100.0,27.64
1625429400.0,27.65
1625429700.0,27.65
1625430000.0,27.65
1625430300.0,27.64
1625430600.0,27.63
1625430900.0,27.65
1625431200.0,27.64
1625431500.0,27.67
1625431800.0,27.67
1625432100.0,27.67
1625432400.0,27.67
1625432700.0,27.66
1625433000.0,27.66
1625433300.0,27.66
1625433600.0,27.65
1625433900.0,27.65
1625434200.0,27.65
1625434500.0,27.64
1625434800.0,27.65
1625435100.0,27.66
1625435400.0,27.66
1625435700.0,27.66
1625436000.0,27.67
1625436300.0,27.67
1625436600.0,27.67
1625436900.0,27.67
1625437200.0,27.67
1625437500.0,27.67
1625437800.0,27.69
1625438100.0,27.66
1625438400.0,27.66
1625438700.0,27.68
1625439000.0,27.68
1625439300.0,27.68
1625439600.0,27.67
1625439900.0,27.68
1625440200.0,27.67
1625440500.0,27.67
1625440800.0,27.67
1625441100.0,27.67
1625441400.0,27.67
1625441700.0,27.66
1625442000.0,27.66
1625442300.0,27.65
1625442600.0,27.65
1625442900.0,27.65
1625443200.0,27.65
1625443500.0,27.66
1625443800.0,27.66
1625444100.0,27.66
1625444400.0,27.66
1625444700.0,27.65
1625445000.0,27.65
1625445300.0,27.65
1625445600.0,27.64
1625445900.0,27.64
1625446200.0,27.64
1625446500.0,27.64
1625446800.0,27.64
1625447100.0,27.67
1625447400.0,27.67
1625447700.0,27.67
1625448000.0,27.65
1625448300.0,27.65
1625448600.0,27.65
1625448900.0,27.65
1625449200.0,27.65
1625449500.0,27.65
1625449800.0,27.64
1625450100.0,27.64
1625450400.0,27.64
1625450700.0,27.64
1625451000.0,27.64
1625451300.0,27.64
1625451600.0,27.64
1625451900.0,27.65
1625452200.0,27.65
1625452500.0,27.65
1625452800.0,27.65
1625453100.0,27.65
1625453400.0,27.65
1625453700.0,27.65
1625454000.0,27.65
1625454300.0,27.64
1625454600.0,27.64
1625454900.0,27.64
1625455200.0,27.65
1625455500.0,27.65
1625455800.0,27.65
1625456100.0,27.64
1625456400.0,27.65
1625456700.0,27.64
1625457000.0,27.65
1625457300.0,27.65
1625457600.0,27.65
1625457900.0,27.64
1625458200.0,27.65
1625458500.0,27.64
1625458800.0,27.64
1625459100.0,27.64
1625459400.0,27.64
1625459700.0,27.64
1625460000.0,27.64
1625460300.0,27.65
1625460600.0,27.65
1625460900.0,27.64
1625461200.0,27.64
1625461500.0,27.64
1625461800.0,27.65
1625462100.0,27.64
1625462400.0,27.66
1625462700.0,27.66
1625463000.0,27.67
1625463300.0,27.65
1625463600.0,27.65
1625463900.0,27.65
1625464200.0,27.64
1625464500.0,27.65
1625464800.0,27.65
1625465100.0,27.67
1625465400.0,27.67
1625465700.0,27.68
1625466000.0,27.68
1625466300.0,27.68
1625466600.0,27.68
1625466900.0,27.67
1625467200.0,27.65
1625467500.0,27.65
1625467800.0,27.68
1625468100.0,27.68
1625468400.0,27.65
1625468700.0,27.65
1625469000.0,27.66
1625469300.0,27.66
1625469600.0,27.66
1625469900.0,27.65
1625470200.0,27.66
1625470500.0,27.65
1625470800.0,27.66
1625471100.0,27.66
1625471400.0,27.66
1625471700.0,27.66
1625472000.0,27.65
1625472300.0,27.66
1625472600.0,27.64
1625472900.0,27.65
1625473200.0,27.67
1625473500.0,27.64
1625473500.0,27.64
1625473800.0,27.67
1625474100.0,27.65
1625474400.0,27.65
1625474700.0,27.67
1625475000.0,27.64
1625475300.0,27.67
1625475600.0,27.66
1625475900.0,27.64
1625476200.0,27.65
1625476500.0,27.65
1625476800.0,27.65
1625477100.0,27.65
1625477400.0,27.65
1625477700.0,27.65
1625478000.0,27.65
1625478300.0,27.67
1625478600.0,27.66
1625478900.0,27.65
1625479200.0,27.65
1625479500.0,27.65
1625479800.0,27.64
1625480100.0,27.64
1625480400.0,27.65
1625480700.0,27.65
1625481000.0,27.65
1625481300.0,27.64
1625481600.0,27.64
1625481900.0,27.64
1625482200.0,27.64
1625482500.0,27.64
1625482800.0,27.65
1625483100.0,27.63
1625483400.0,27.65
1625483700.0,27.67
1625484000.0,27.64
1625484300.0,27.64
1625484600.0,27.6
1625484900.0,27.59
1625485200.0,27.57
1625485500.0,27.56
1625485800.0,27.53
1625486100.0,27.56
1625486400.0,27.58
1625486700.0,27.57
1625487000.0,27.55
1625487300.0,27.53
1625487600.0,27.58
1625487900.0,27.57
1625488200.0,27.58
1625488500.0,27.58
1625488800.0,27.55
1625489100.0,27.6
1625489400.0,27.54
1625489700.0,27.59
1625490000.0,27.59
1625490300.0,27.57
1625490600.0,27.57
1625490900.0,27.58
1625491200.0,27.57
1625491500.0,27.56
1625491800.0,27.59
1625492100.0,27.58
1625492400.0,27.58
1625492700.0,27.59
1625493000.0,27.58
1625493300.0,27.58
1625493600.0,27.58
1625493900.0,27.58
1625494200.0,27.58
1625494500.0,27.58
1625494800.0,27.59
1625495100.0,27.58
1625495400.0,27.58
1625495700.0,27.58
1625496000.0,27.55
1625496300.0,27.59
1625496600.0,27.57
1625496900.0,27.59
1625497200.0,27.57
1625497500.0,27.59
1625497800.0,27.58
1625498100.0,27.58
1625498400.0,27.57
1625498700.0,27.58
1625499000.0,27.58
1625499300.0,27.59
1625499600.0,27.59
1625499900.0,27.57
1625500200.0,27.56
1625500500.0,27.56
1625500800.0,27.58
1625501100.0,27.58
1625501400.0,27.56
1625501700.0,27.57
1625502000.0,27.58
1625502300.0,27.58
1625502600.0,27.58
1625502900.0,27.58
1625503200.0,27.59
1625503500.0,27.62
1625503800.0,27.61
1625504100.0,27.59
1625504400.0,27.59
1625504700.0,27.59
1625505000.0,27.59
1625505300.0,27.58
1625505600.0,27.57
1625505900.0,27.58
1625506200.0,27.58
1625506500.0,27.58
1625506800.0,27.58
1625507100.0,27.58
1625507400.0,27.58
1625507700.0,27.57
1625508000.0,27.59
1625508300.0,27.59
1625508600.0,27.58
1625508900.0,27.6
1625509200.0,27.57
1625509500.0,27.58
1625509800.0,27.57
1625510100.0,27.6
1625510400.0,27.6
1625510700.0,27.6
1625511000.0,27.6
1625511300.0,27.58
1625511600.0,27.58
1625511900.0,27.59
1625512200.0,27.58
1625512500.0,27.57
1625512800.0,27.58
1625513100.0,27.58
1625513400.0,27.57
1625513700.0,27.58
1625514000.0,27.57
1625514300.0,27.57
1625514600.0,27.58
1625514900.0,27.58
1625515200.0,27.58
1625515500.0,27.57
1625515800.0,27.57
1625516100.0,27.58
1625516400.0,27.58
1625516700.0,27.59
1625517000.0,27.58
1625517300.0,27.57
1625517600.0,27.58
1625517900.0,27.57
1625518200.0,27.58
1625518500.0,27.59
1625518800.0,27.59
1625519100.0,27.6
1625519400.0,27.57
1625519700.0,27.57
1625520000.0,27.6
1625520300.0,27.6
1625520600.0,27.58
1625520900.0,27.58
1625521200.0,27.58
1625521500.0,27.57
1625521800.0,27.58
1625522100.0,27.6
1625522400.0,27.6
1625522700.0,27.58
1625523000.0,27.59
1625523300.0,27.58
1625523600.0,27.58
1625523900.0,27.58
1625524200.0,27.58
1625524500.0,27.58
1625524800.0,27.58
1625525100.0,27.58
1625525400.0,27.58
1625525700.0,27.58
1625526000.0,27.57
1625526300.0,27.58
1625526600.0,27.58
1625526900.0,27.58
1625527200.0,27.58
1625527500.0,27.58
1625527800.0,27.59
1625528100.0,27.58
1625528400.0,27.56
1625528700.0,27.58
1625529000.0,27.58
1625529300.0,27.58
1625529600.0,27.58
1625529900.0,27.58
1625530200.0,27.58
1625530500.0,27.58
1625530800.0,27.58
1625531100.0,27.58
1625531400.0,27.58
1625531700.0,27.58
1625532000.0,27.58
1625532300.0,27.58
1625532600.0,27.58
1625532900.0,27.58
1625533200.0,27.58
1625533500.0,27.58
1625533800.0,27.58
1625534100.0,27.58
1625534400.0,27.58
1625534700.0,27.58
1625535000.0,27.57
1625535300.0,27.57
1625535600.0,27.57
1625535900.0,27.57
1625536200.0,27.57
1625536500.0,27.57
1625536800.0,27.57
1625537100.0,27.57
1625537400.0,27.57
1625537700.0,27.57
1625538000.0,27.57
1625538300.0,27.57
1625538600.0,27.57
1625538900.0,27.58
1625539200.0,27.58
1625539500.0,27.58
1625539800.0,27.58
1625540100.0,27.58
1625540400.0,27.58
1625540700.0,27.58
1625541000.0,27.58
1625541300.0,27.58
1625541600.0,27.58
1625541900.0,27.58
1625542200.0,27.58
1625542500.0,27.58
1625542800.0,27.56
1625543100.0,27.56
1625543400.0,27.58
1625543700.0,27.59
1625544000.0,27.57
1625544300.0,27.59
1625544600.0,27.59
1625544900.0,27.59
1625545200.0,27.56
1625545500.0,27.55
1625545800.0,27.59
1625546100.0,27.59
1625546400.0,27.57
1625546700.0,27.58
1625547000.0,27.59
1625547300.0,27.59
1625547600.0,27.62
1625547900.0,27.61
1625548200.0,27.61
1625548500.0,27.61
1625548800.0,27.6
1625549100.0,27.6
1625549400.0,27.58
1625549700.0,27.58
1625550000.0,27.61
1625550300.0,27.61
1625550600.0,27.61
1625550900.0,27.61
1625551200.0,27.62
1625551500.0,27.62
1625551800.0,27.62
1625552100.0,27.62
1625552400.0,27.62
1625552700.0,27.62
1625553000.0,27.62
1625553300.0,27.62
1625553600.0,27.62
1625553900.0,27.62
1625554200.0,27.62
1625554500.0,27.58
1625554800.0,27.62
1625555100.0,27.62
1625555400.0,27.62
1625555700.0,27.61
1625556000.0,27.59
1625556300.0,27.63
1625556600.0,27.6
1625556900.0,27.6
1625557200.0,27.6
1625557500.0,27.63
1625557800.0,27.6
1625558100.0,27.6
1625558400.0,27.61
1625558700.0,27.64
1625559000.0,27.58
1625559300.0,27.61
1625559600.0,27.61
1625559900.0,27.62
1625560200.0,27.61
1625560500.0,27.62
1625560800.0,27.62
1625561100.0,27.61
1625561400.0,27.61
1625561700.0,27.6
1625562000.0,27.6
1625562300.0,27.58
1625562600.0,27.58
1625562900.0,27.59
1625563200.0,27.58
1625563500.0,27.58
1625563800.0,27.58
1625564100.0,27.59
1625564400.0,27.59
1625564700.0,27.59
1625565000.0,27.59
1625565300.0,27.6
1625565600.0,27.58
1625565900.0,27.6
1625566200.0,27.61
1625566500.0,27.63
1625566800.0,27.63
1625567100.0,27.66
1625567400.0,27.65
1625567700.0,27.62
1625568000.0,27.62
1625568300.0,27.62
1625568600.0,27.6
1625568900.0,27.62
1625569200.0,27.66
1625569500.0,27.64
1625569800.0,27.64
1625570100.0,27.62
1625570400.0,27.61
1625570700.0,27.6
1625571000.0,27.6
1625571300.0,27.6
1625571600.0,27.59
1625571900.0,27.6
1625572200.0,27.61
1625572500.0,27.61
1625572800.0,27.61
1625573100.0,27.6
1625573400.0,27.6
1625573700.0,27.59
1625574000.0,27.59
1625574300.0,27.59
1625574600.0,27.6
1625574900.0,27.6
1625575200.0,27.6
1625575500.0,27.6
1625575800.0,27.55
1625576100.0,27.55
1625576400.0,27.56
1625576700.0,27.59
1625577000.0,27.6
1625577300.0,27.58
1625577600.0,27.6
1625577900.0,27.56
1625578200.0,27.59
1625578500.0,27.61
1625578800.0,27.62
1625579100.0,27.61
1625579400.0,27.57
1625579700.0,27.56
1625580000.0,27.56
1625580300.0,27.59
1625580600.0,27.57
1625580900.0,27.57
1625581200.0,27.55
1625581500.0,27.55
1625581800.0,27.6
1625582100.0,27.6
1625582400.0,27.57
1625582700.0,27.6
1625583000.0,27.58
1625583300.0,27.6
1625583600.0,27.61
1625583900.0,27.59
1625584200.0,27.6
1625584500.0,27.6
1625584800.0,27.61
1625585100.0,27.57
1625585400.0,27.58
1625585700.0,27.58
1625586000.0,27.58
1625586300.0,27.56
1625586600.0,27.56
1625586900.0,27.61
1625587200.0,27.59
1625587500.0,27.59
1625587800.0,27.58
1625588100.0,27.59
1625588400.0,27.57
1625588700.0,27.58
1625589000.0,27.59
1625589300.0,27.59
1625589600.0,27.58
1625589900.0,27.58
1625590200.0,27.58
1625590500.0,27.57
1625590800.0,27.58
1625591100.0,27.59
1625591400.0,27.58
1625591700.0,27.58
1625592000.0,27.57
1625592300.0,27.56
1625592600.0,27.56
1625592900.0,27.56
1625593200.0,27.56
1625593500.0,27.55
1625593800.0,27.56
1625594100.0,27.58
1625594400.0,27.57
1625594700.0,27.58
1625595000.0,27.58
1625595300.0,27.57
1625595600.0,27.57
1625595900.0,27.59
1625596200.0,27.58
1625596500.0,27.58
1625596800.0,27.58
1625597100.0,27.59
1625597400.0,27.57
1625597700.0,27.56
1625598000.0,27.58
1625598300.0,27.58
1625598600.0,27.59
1625598900.0,27.59
1625599200.0,27.58
1625599500.0,27.58
1625599800.0,27.6
1625600100.0,27.61
1625600400.0,27.59
1625600700.0,27.6
1625601000.0,27.61
1625601300.0,27.58
1625601600.0,27.58
1625601900.0,27.58
1625602200.0,27.57
1625602500.0,27.59
1625602800.0,27.58
1625603100.0,27.6
1625603400.0,27.62
1625603700.0,27.58
1625604000.0,27.61
1625604300.0,27.61
1625604600.0,27.58
1625604900.0,27.6
1625605200.0,27.6
1625605500.0,27.59
1625605800.0,27.58
1625606100.0,27.58
1625606400.0,27.57
1625606700.0,27.59
1625607000.0,27.59
1625607300.0,27.59
1625607600.0,27.57
1625607900.0,27.58
1625608200.0,27.57
1625608500.0,27.58
1625608800.0,27.56
1625609100.0,27.56
1625609400.0,27.57
1625609700.0,27.57
1625610000.0,27.57
1625610300.0,27.57
1625610600.0,27.58
1625610900.0,27.56
1625611200.0,27.56
1625611500.0,27.56
1625611800.0,27.58
1625612100.0,27.58
1625612400.0,27.58
1625612700.0,27.58
1625613000.0,27.58
1625613300.0,27.58
1625613600.0,27.58
1625613900.0,27.58
1625614200.0,27.58
1625614500.0,27.58
1625614800.0,27.58
1625615100.0,27.58
1625615400.0,27.58
1625615700.0,27.58
1625616000.0,27.58
1625616300.0,27.58
1625616600.0,27.57
1625616900.0,27.57
1625617200.0,27.59
1625617500.0,27.59
1625617800.0,27.59
1625618100.0,27.59
1625618400.0,27.59
1625618700.0,27.59
1625619000.0,27.59
1625619300.0,27.59
1625619600.0,27.62
1625619900.0,27.62
1625620200.0,27.62
1625620500.0,27.62
1625620800.0,27.61
1625621100.0,27.61
1625621400.0,27.61
1625621700.0,27.61
1625622000.0,27.61
1625622300.0,27.58
1625622600.0,27.57
1625622900.0,27.57
1625623200.0,27.56
1625623200.0,27.56
1625623500.0,27.56
1625623800.0,27.57
1625624100.0,27.57
1625624400.0,27.57
1625624700.0,27.57
1625625000.0,27.57
1625625300.0,27.56
1625625600.0,27.56
1625625900.0,27.57
1625626200.0,27.57
1625626500.0,27.56
1625626800.0,27.56
1625627100.0,27.56
1625627400.0,27.56
1625627700.0,27.57
1625628000.0,27.57
1625628300.0,27.57
1625628600.0,27.57
1625628900.0,27.6
1625629200.0,27.6
1625629500.0,27.59
1625629800.0,27.59
1625630100.0,27.59
1625630400.0,27.59
1625630700.0,27.59
1625631000.0,27.59
1625631300.0,27.59
1625631600.0,27.59
1625631900.0,27.6
1625632200.0,27.6
1625632500.0,27.6
1625632800.0,27.6
1625633100.0,27.6
1625633400.0,27.6
1625633700.0,27.6
1625634000.0,27.58
1625634300.0,27.58
1625634600.0,27.55
1625634900.0,27.61
1625635200.0,27.6
1625635500.0,27.61
1625635800.0,27.6
1625636100.0,27.58
1625636400.0,27.58
1625636700.0,27.62
1625637000.0,27.62
1625637300.0,27.58
1625637600.0,27.59
1625637900.0,27.61
1625638200.0,27.6
1625638500.0,27.61
1625638800.0,27.6
1625639100.0,27.6
1625639400.0,27.62
1625639700.0,27.62
1625640000.0,27.61
1625640300.0,27.61
1625640600.0,27.62
1625640900.0,27.62
1625641200.0,27.61
1625641500.0,27.6
1625641800.0,27.6
1625642100.0,27.6
1625642400.0,27.6
1625642700.0,27.6
1625643000.0,27.6
1625643300.0,27.61
1625643600.0,27.6
1625643900.0,27.62
1625644200.0,27.62
1625644500.0,27.62
1625644800.0,27.61
1625645100.0,27.6
1625645400.0,27.61
1625645700.0,27.61
1625646000.0,27.61
1625646300.0,27.62
1625646600.0,27.61
1625646900.0,27.62
1625647200.0,27.61
1625647500.0,27.62
1625647800.0,27.61
1625648100.0,27.61
1625648400.0,27.62
1625648700.0,27.62
1625649000.0,27.61
1625649300.0,27.61
1625649600.0,27.61
1625649900.0,27.61
1625650200.0,27.62
1625650500.0,27.6
1625650800.0,27.63
1625651100.0,27.62
1625651400.0,27.6
1625651700.0,27.6
1625652000.0,27.64
1625652300.0,27.64
1625652600.0,27.63
1625652900.0,27.64
1625653200.0,27.65
1625653500.0,27.65
1625653800.0,27.64
1625654100.0,27.6
1625654400.0,27.6
1625654700.0,27.62
1625655000.0,27.62
1625655300.0,27.62
1625655600.0,27.62
1625655900.0,27.62
1625656200.0,27.61
1625656500.0,27.62
1625656800.0,27.58
1625657100.0,27.59
1625657400.0,27.58
1625657700.0,27.59
1625658000.0,27.58
1625658300.0,27.58
1625658600.0,27.59
1625658900.0,27.59
1625659200.0,27.61
1625659500.0,27.61
1625659800.0,27.58
1625660100.0,27.58
1625660400.0,27.57
1625660700.0,27.59
1625661000.0,27.57
1625661300.0,27.57
1625661600.0,27.58
1625661900.0,27.57
1625662200.0,27.59
1625662500.0,27.58
1625662800.0,27.59
1625663100.0,27.59
1625663400.0,27.59
1625663700.0,27.59
1625664000.0,27.57
1625664300.0,27.57
1625664600.0,27.58
1625664900.0,27.58
1625665200.0,27.59
1625665500.0,27.58
1625665800.0,27.58
1625666100.0,27.58
1625666400.0,27.58
1625666700.0,27.59
1625667000.0,27.59
1625667300.0,27.58
1625667600.0,27.58
1625667900.0,27.58
1625668200.0,27.58
1625668500.0,27.58
1625668800.0,27.57
1625669100.0,27.57
1625669400.0,27.56
1625669700.0,27.56
1625670000.0,27.58
1625670300.0,27.56
1625670600.0,27.58
1625670900.0,27.58
1625671200.0,27.56
1625671500.0,27.58
1625671800.0,27.58
1625672100.0,27.55
1625672400.0,27.55
1625672700.0,27.55
1625673000.0,27.58
1625673300.0,27.57
1625673600.0,27.58
1625673900.0,27.58
1625674200.0,27.58
1625674500.0,27.58
1625674800.0,27.57
1625675100.0,27.57
1625675400.0,27.58
1625675700.0,27.58
1625676000.0,27.58
1625676300.0,27.57
1625676600.0,27.58
1625676900.0,27.58
1625677200.0,27.59
1625677500.0,27.59
1625677800.0,27.59
1625678100.0,27.6
1625678400.0,27.6
1625678700.0,27.57
1625679000.0,27.59
1625679300.0,27.58
1625679600.0,27.59
1625679900.0,27.58
1625680200.0,27.57
1625680500.0,27.57
1625680800.0,27.58
1625681100.0,27.57
1625681400.0,27.58
1625681700.0,27.56
1625682000.0,27.58
1625682300.0,27.58
1625682600.0,27.58
1625682900.0,27.57
1625683200.0,27.58
1625683500.0,27.56
1625683800.0,27.58
1625684100.0,27.56
1625684400.0,27.56
1625684700.0,27.56
1625685000.0,27.57
1625685300.0,27.58
1625685600.0,27.58
1625685900.0,27.58
1625686200.0,27.57
1625686500.0,27.58
1625686800.0,27.58
1625687100.0,27.59
1625687400.0,27.6
1625687700.0,27.6
1625688000.0,27.6
1625688300.0,27.6
1625688600.0,27.59
1625688900.0,27.59
1625689200.0,27.57
1625689500.0,27.57
1625689800.0,27.58
1625690100.0,27.6
1625690400.0,27.6
1625690700.0,27.6
1625691000.0,27.59
1625691300.0,27.6
1625691600.0,27.57
1625691900.0,27.57
1625692200.0,27.57
1625692500.0,27.57
1625692800.0,27.6
1625693100.0,27.59
1625693400.0,27.59
1625693700.0,27.59
1625694000.0,27.59
1625694300.0,27.58
1625694600.0,27.57
1625694900.0,27.57
1625695200.0,27.58
1625695500.0,27.59
1625695800.0,27.59
1625696100.0,27.59
1625696400.0,27.58
1625696700.0,27.58
1625697000.0,27.58
1625697300.0,27.58
1625697600.0,27.59
1625697900.0,27.58
1625698200.0,27.58
1625698500.0,27.58
1625698800.0,27.59
1625699100.0,27.58
1625699400.0,27.57
1625699700.0,27.58
1625700000.0,27.58
1625700300.0,27.58
1625700600.0,27.58
1625700900.0,27.58
1625701200.0,27.58
1625701500.0,27.58
1625701800.0,27.58
1625702100.0,27.58
1625702400.0,27.58
1625702700.0,27.58
1625703000.0,27.57
1625703300.0,27.56
1625703600.0,27.56
1625703900.0,27.57
1625704200.0,27.56
1625704500.0,27.56
1625704800.0,27.56
1625705100.0,27.56
1625705400.0,27.56
1625705700.0,27.56
1625706000.0,27.56
1625706300.0,27.57
1625706600.0,27.57
1625706900.0,27.57
1625707200.0,27.57
1625707500.0,27.57
1625707800.0,27.57
1625708100.0,27.58
1625708400.0,27.58
1625708700.0,27.58
1625709000.0,27.58
1625709300.0,27.58
1625709600.0,27.58
1625709900.0,27.57
1625710200.0,27.56
1625710500.0,27.56
1625710800.0,27.56
1625711100.0,27.59
1625711400.0,27.59
1625711700.0,27.59
1625712000.0,27.58
1625712300.0,27.58
1625712600.0,27.58
1625712900.0,27.58
1625713200.0,27.58
1625713500.0,27.58
1625713800.0,27.56
1625714100.0,27.58
1625714400.0,27.58
1625714700.0,27.58
1625715000.0,27.58
1625715300.0,27.59
1625715600.0,27.57
1625715900.0,27.57
1625716200.0,27.58
1625716500.0,27.58
1625716800.0,27.58
1625717100.0,27.58
1625717400.0,27.58
1625717700.0,27.58
1625718000.0,27.58
1625718300.0,27.57
1625718600.0,27.59
1625718900.0,27.59
1625719200.0,27.57
1625719500.0,27.58
1625719800.0,27.58
1625720100.0,27.58
1625720400.0,27.58
1625720700.0,27.58
1625721000.0,27.58
1625721300.0,27.58
1625721600.0,27.57
1625721900.0,27.58
1625722200.0,27.58
1625722500.0,27.57
1625722800.0,27.58
1625723100.0,27.59
1625723400.0,27.59
1625723700.0,27.58
1625724000.0,27.59
1625724300.0,27.6
1625724600.0,27.6
1625724900.0,27.61
1625725200.0,27.6
1625725500.0,27.62
1625725800.0,27.62
1625726100.0,27.62
1625726400.0,27.63
1625726700.0,27.62
1625727000.0,27.62
1625727300.0,27.62
1625727600.0,27.63
1625727900.0,27.63
1625728200.0,27.65
1625728500.0,27.67
1625728800.0,27.65
1625729100.0,27.68
1625729400.0,27.68
1625729700.0,27.66
1625730000.0,27.65
1625730300.0,27.66
1625730600.0,27.66
1625730900.0,27.63
1625731200.0,27.63
1625731500.0,27.65
1625731800.0,27.65
1625732100.0,27.64
1625732400.0,27.65
1625732700.0,27.66
1625733000.0,27.66
1625733300.0,27.64
1625733600.0,27.68
1625733900.0,27.68
1625734200.0,27.68
1625734500.0,27.67
1625734800.0,27.64
1625735100.0,27.62
1625735400.0,27.62
1625735700.0,27.64
1625736000.0,27.64
1625736300.0,27.64
1625736600.0,27.64
1625736900.0,27.65
1625737200.0,27.65
1625737500.0,27.65
1625737800.0,27.65
1625738100.0,27.65
1625738400.0,27.64
1625738700.0,27.66
1625739000.0,27.65
1625739300.0,27.67
1625739600.0,27.67
1625739900.0,27.67
1625740200.0,27.67
1625740500.0,27.67
1625740800.0,27.67
1625741100.0,27.67
1625741400.0,27.66
1625741700.0,27.67
1625742000.0,27.67
1625742300.0,27.66
1625742600.0,27.65
1625742900.0,27.67
1625743200.0,27.67
1625743500.0,27.66
1625743800.0,27.66
1625744100.0,27.66
1625744400.0,27.66
1625744700.0,27.65
1625745000.0,27.65
1625745300.0,27.63
1625745600.0,27.61
1625745900.0,27.62
1625746200.0,27.6
1625746500.0,27.61
1625746800.0,27.61
1625747100.0,27.59
1625747400.0,27.6
1625747700.0,27.59
1625748000.0,27.61
1625748300.0,27.63
1625748600.0,27.61
1625748900.0,27.61
1625749200.0,27.6
1625749500.0,27.59
1625749800.0,27.59
1625750100.0,27.62
1625750400.0,27.62
1625750700.0,27.62
1625751000.0,27.62
1625751300.0,27.59
1625751600.0,27.59
1625751900.0,27.61
1625752200.0,27.59
1625752500.0,27.59
1625752800.0,27.61
1625753100.0,27.6
1625753400.0,27.59
1625753700.0,27.63
1625754000.0,27.63
1625754300.0,27.59
1625754600.0,27.59
1625754900.0,27.61
1625755200.0,27.6
1625755500.0,27.6
1625755800.0,27.61
1625756100.0,27.61
1625756400.0,27.6
1625756700.0,27.6
1625757000.0,27.61
1625757300.0,27.6
1625757600.0,27.63
1625757900.0,27.61
1625758200.0,27.59
1625758500.0,27.62
1625758800.0,27.64
1625759100.0,27.64
1625759400.0,27.62
1625759700.0,27.61
1625760000.0,27.61
1625760300.0,27.61
1625760600.0,27.62
1625760900.0,27.62
1625761200.0,27.62
1625761500.0,27.62
1625761800.0,27.61
1625762100.0,27.61
1625762400.0,27.6
1625762700.0,27.6
1625763000.0,27.63
1625763300.0,27.6
1625763600.0,27.6
1625763900.0,27.6
1625764200.0,27.6
1625764500.0,27.6
1625764800.0,27.64
1625765100.0,27.62
1625765400.0,27.62
1625765700.0,27.63
1625766000.0,27.62
1625766300.0,27.63
1625766600.0,27.6
1625766900.0,27.6
1625767200.0,27.6
1625767500.0,27.61
1625767800.0,27.61
1625768100.0,27.61
1625768400.0,27.62
1625768700.0,27.62
1625769000.0,27.62
1625769300.0,27.61
1625769600.0,27.61
1625769900.0,27.61
1625770200.0,27.6
1625770500.0,27.6
1625770800.0,27.6
1625771100.0,27.61
1625771400.0,27.62
1625771700.0,27.62
1625772000.0,27.61
1625772300.0,27.62
1625772600.0,27.61
1625772900.0,27.6
1625772900.0,27.6
1625773200.0,27.6
1625773500.0,27.6
1625773800.0,27.61
1625774100.0,27.6
1625774400.0,27.63
1625774700.0,27.6
1625775000.0,27.6
1625775300.0,27.6
1625775600.0,27.6
1625775900.0,27.62
1625776200.0,27.62
1625776500.0,27.62
1625776800.0,27.62
1625777100.0,27.59
1625777400.0,27.59
1625777700.0,27.61
1625778000.0,27.61
1625778300.0,27.62
1625778600.0,27.62
1625778900.0,27.62
1625779200.0,27.6
1625779500.0,27.62
1625779800.0,27.6
1625780100.0,27.6
1625780400.0,27.62
1625780700.0,27.61
1625781000.0,27.6
1625781300.0,27.61
1625781600.0,27.61
1625781900.0,27.61
1625782200.0,27.62
1625782500.0,27.61
1625782800.0,27.61
1625783100.0,27.6
1625783400.0,27.61
1625783700.0,27.62
1625784000.0,27.62
1625784300.0,27.6
1625784600.0,27.6
1625784900.0,27.61
1625785200.0,27.61
1625785500.0,27.62
1625785800.0,27.61
1625786100.0,27.61
1625786400.0,27.61
1625786700.0,27.61
1625787000.0,27.61
1625787300.0,27.61
1625787600.0,27.61
1625787900.0,27.6
1625788200.0,27.6
1625788500.0,27.6
1625788800.0,27.6
1625789100.0,27.6
1625789400.0,27.6
1625789700.0,27.61
1625790000.0,27.61
1625790300.0,27.61
1625790600.0,27.61
1625790900.0,27.61
1625791200.0,27.61
1625791500.0,27.61
1625791800.0,27.61
1625792100.0,27.61
1625792400.0,27.6
1625792700.0,27.6
1625793000.0,27.61
1625793300.0,27.6
1625793600.0,27.61
1625793900.0,27.61
1625794200.0,27.62
1625794500.0,27.62
1625794800.0,27.62
1625795100.0,27.62
1625795400.0,27.62
1625795700.0,27.63
1625796000.0,27.63
1625796300.0,27.62
1625796600.0,27.63
1625796900.0,27.63
1625797200.0,27.63
1625797500.0,27.63
1625797800.0,27.63
1625798100.0,27.63
1625798400.0,27.63
1625798700.0,27.63
1625799000.0,27.62
1625799300.0,27.62
1625799600.0,27.62
1625799900.0,27.62
1625800200.0,27.62
1625800500.0,27.62
1625800800.0,27.63
1625801100.0,27.63
1625801400.0,27.63
1625801700.0,27.63
1625802000.0,27.63
1625802300.0,27.63
1625802600.0,27.63
1625802900.0,27.62
1625803200.0,27.62
1625803500.0,27.62
1625803800.0,27.63
1625804100.0,27.62
1625804400.0,27.62
1625804700.0,27.62
1625805000.0,27.62
1625805300.0,27.62
1625805600.0,27.62
1625805900.0,27.62
1625806200.0,27.63
1625806500.0,27.63
1625806800.0,27.63
1625807100.0,27.62
1625807400.0,27.62
1625807700.0,27.62
1625808000.0,27.61
1625808300.0,27.61
1625808600.0,27.61
1625808900.0,27.61
1625809200.0,27.6
1625809500.0,27.62
1625809800.0,27.62
1625810100.0,27.61
1625810400.0,27.61
1625810700.0,27.6
1625811000.0,27.6
1625811300.0,27.6
1625811600.0,27.6
1625811900.0,27.6
1625812200.0,27.6
1625812500.0,27.61
1625812800.0,27.61
1625813100.0,27.61
1625813400.0,27.61
1625813700.0,27.6
1625814000.0,27.6
1625814300.0,27.61
1625814600.0,27.61
1625814900.0,27.61
1625815200.0,27.6
1625815500.0,27.6
1625815800.0,27.6
1625816100.0,27.6
1625816400.0,27.61
1625816700.0,27.6
1625817000.0,27.61
1625817300.0,27.61
1625817600.0,27.61
1625817900.0,27.61
1625818200.0,27.6
1625818500.0,27.61
1625818800.0,27.61
1625819100.0,27.6
1625819400.0,27.6
1625819700.0,27.6
1625820000.0,27.6
1625820300.0,27.61
1625820600.0,27.6
1625820900.0,27.61
1625821200.0,27.6
1625821500.0,27.6
1625821800.0,27.6
1625822100.0,27.6
1625822400.0,27.61
1625822700.0,27.61
1625823000.0,27.6
1625823300.0,27.61
1625823600.0,27.6
1625823900.0,27.6
1625824200.0,27.6
1625824500.0,27.61
1625824800.0,27.61
1625825100.0,27.61
1625825400.0,27.61
1625825700.0,27.62
1625826000.0,27.6
1625826300.0,27.6
1625826600.0,27.61
1625826900.0,27.62
1625827200.0,27.62
1625827500.0,27.61
1625827800.0,27.6
1625828100.0,27.61
1625828400.0,27.61
1625828700.0,27.6
1625829000.0,27.6
1625829300.0,27.6
1625829600.0,27.6
1625829900.0,27.6
1625830200.0,27.6
1625830500.0,27.6
1625830800.0,27.6
1625831100.0,27.59
1625831400.0,27.62
1625831700.0,27.62
1625832000.0,27.62
1625832300.0,27.61
1625832600.0,27.61
1625832900.0,27.61
1625833200.0,27.61
1625833500.0,27.63
1625833800.0,27.63
1625834100.0,27.63
1625834400.0,27.63
1625834700.0,27.62
1625835000.0,27.63
1625835300.0,27.64
1625835600.0,27.63
1625835900.0,27.64
1625836200.0,27.63
1625836500.0,27.64
1625836800.0,27.64
1625837100.0,27.65
1625837400.0,27.65
1625837700.0,27.64
1625838000.0,27.63
1625838300.0,27.65
1625838600.0,27.65
1625838900.0,27.62
1625839200.0,27.65
1625839500.0,27.65
1625839800.0,27.64
1625840100.0,27.63
1625840400.0,27.64
1625840700.0,27.63
1625841000.0,27.63
1625841300.0,27.64
1625841600.0,27.64
1625841900.0,27.63
1625842200.0,27.64
1625842500.0,27.65
1625842800.0,27.65
1625843100.0,27.64
1625843400.0,27.66
1625843700.0,27.64
1625844000.0,27.64
1625844300.0,27.64
1625844600.0,27.63
1625844900.0,27.65
1625845200.0,27.63
1625845500.0,27.63
1625845800.0,27.64
1625846100.0,27.64
1625846400.0,27.63
1625846700.0,27.64
1625847000.0,27.63
1625847300.0,27.63
1625847600.0,27.63
1625847900.0,27.63
1625848200.0,27.63
1625848500.0,27.63
1625848800.0,27.63
1625849100.0,27.63
1625849400.0,27.62
1625849700.0,27.61
1625850000.0,27.61
1625850300.0,27.62
1625850600.0,27.62
1625850900.0,27.62
1625851200.0,27.63
1625851500.0,27.63
1625851800.0,27.6
1625852100.0,27.61
1625852400.0,27.61
1625852700.0,27.62
1625853000.0,27.6
1625853300.0,27.61
1625853600.0,27.64
1625853900.0,27.65
1625854200.0,27.64
1625854500.0,27.65
1625854800.0,27.65
1625855100.0,27.65
1625855400.0,27.65
1625855700.0,27.65
1625856000.0,27.65
1625856300.0,27.62
1625856600.0,27.64
1625856900.0,27.63
1625857200.0,27.63
1625857500.0,27.63
1625857800.0,27.63
1625858100.0,27.63
1625858400.0,27.63
1625858700.0,27.63
1625859000.0,27.64
1625859300.0,27.64
1625859600.0,27.63
1625859900.0,27.63
1625860200.0,27.63
1625860500.0,27.64
1625860800.0,27.63
1625861100.0,27.63
1625861400.0,27.63
1625861700.0,27.63
1625862000.0,27.63
1625862300.0,27.64
1625862600.0,27.64
1625862900.0,27.63
1625863200.0,27.63
1625863500.0,27.63
1625863800.0,27.63
1625864100.0,27.63
1625864400.0,27.62
1625864700.0,27.62
1625865000.0,27.64
1625865300.0,27.64
1625865600.0,27.63
1625865900.0,27.63
1625866200.0,27.63
1625866500.0,27.62
1625866800.0,27.61
1625867100.0,27.62
1625867400.0,27.61
1625867700.0,27.61
1625868000.0,27.61
1625868300.0,27.63
1625868600.0,27.63
1625868900.0,27.63
1625869200.0,27.63
1625869500.0,27.63
1625869800.0,27.63
1625870100.0,27.63
1625870400.0,27.63
1625870700.0,27.63
1625871000.0,27.62
1625871300.0,27.63
1625871600.0,27.63
1625871900.0,27.63
1625872200.0,27.63
1625872500.0,27.61
1625872800.0,27.63
1625873100.0,27.63
1625873400.0,27.63
1625873700.0,27.63
1625874000.0,27.63
1625874300.0,27.63
1625874600.0,27.63
1625874900.0,27.63
1625875200.0,27.63
1625875500.0,27.63
1625875800.0,27.63
1625876100.0,27.62
1625876400.0,27.63
1625876700.0,27.63
1625877000.0,27.63
1625877300.0,27.62
1625877600.0,27.63
1625877900.0,27.63
1625878200.0,27.63
1625878500.0,27.63
1625878800.0,27.63
1625879100.0,27.63
1625879400.0,27.63
1625879700.0,27.62
1625880000.0,27.63
1625880300.0,27.63
1625880600.0,27.63
1625880900.0,27.64
1625881200.0,27.64
1625881500.0,27.64
1625881800.0,27.64
1625882100.0,27.64
1625882400.0,27.64
1625882700.0,27.64
1625883000.0,27.64
1625883300.0,27.64
1625883600.0,27.64
1625883900.0,27.64
1625884200.0,27.64
1625884500.0,27.64
1625884800.0,27.64
1625885100.0,27.64
1625885400.0,27.64
1625885700.0,27.63
1625886000.0,27.63
1625886300.0,27.63
1625886600.0,27.63
1625886900.0,27.63
1625887200.0,27.63
1625887500.0,27.63
1625887800.0,27.63
1625888100.0,27.63
1625888400.0,27.63
1625888700.0,27.63
1625889000.0,27.63
1625889300.0,27.63
1625889600.0,27.63
1625889900.0,27.63
1625890200.0,27.63
1625890500.0,27.63
1625890800.0,27.63
1625891100.0,27.63
1625891400.0,27.63
1625891700.0,27.63
1625892000.0,27.63
1625892300.0,27.61
1625892600.0,27.62
1625892900.0,27.61
1625893200.0,27.61
1625893500.0,27.61
1625893800.0,27.6
1625894100.0,27.6
1625894400.0,27.59
1625894700.0,27.58
1625895000.0,27.58
1625895300.0,27.58
1625895600.0,27.58
1625895900.0,27.6
1625896200.0,27.6
1625896500.0,27.61
1625896800.0,27.61
1625897100.0,27.61
1625897400.0,27.61
1625897700.0,27.58
1625898000.0,27.57
1625898300.0,27.57
1625898600.0,27.59
1625898900.0,27.6
1625899200.0,27.63
1625899500.0,27.63
1625899800.0,27.63
1625900100.0,27.63
1625900400.0,27.6
1625900700.0,27.6
1625901000.0,27.6
1625901300.0,27.63
1625901600.0,27.64
1625901900.0,27.62
1625902200.0,27.63
1625902500.0,27.63
1625902800.0,27.63
1625903100.0,27.61
1625903400.0,27.63
1625903700.0,27.63
1625904000.0,27.63
1625904300.0,27.64
1625904600.0,27.64
1625904900.0,27.63
1625905200.0,27.63
1625905500.0,27.63
1625905800.0,27.62
1625906100.0,27.63
1625906400.0,27.62
1625906700.0,27.63
1625907000.0,27.62
1625907300.0,27.61
1625907600.0,27.61
1625907900.0,27.61
1625908200.0,27.6
1625908500.0,27.63
1625908800.0,27.6
1625909100.0,27.63
1625909400.0,27.6
1625909700.0,27.59
1625910000.0,27.59
1625910300.0,27.62
1625910600.0,27.59
1625910900.0,27.59
1625911200.0,27.59
1625911500.0,27.61
1625911800.0,27.57
1625912100.0,27.58
1625912400.0,27.59
1625912700.0,27.58
1625913000.0,27.6
1625913300.0,27.57
1625913600.0,27.6
1625913900.0,27.58
1625914200.0,27.6
1625914500.0,27.62
1625914800.0,27.6
1625915100.0,27.6
1625915400.0,27.6
1625915700.0,27.6
1625916000.0,27.6
1625916300.0,27.6
1625916600.0,27.6
1625916900.0,27.6
1625917200.0,27.62
1625917500.0,27.62
1625917800.0,27.6
1625918100.0,27.62
1625918400.0,27.6
1625918700.0,27.6
1625919000.0,27.59
1625919300.0,27.59
1625919600.0,27.6
1625919900.0,27.6
1625920200.0,27.61
1625920500.0,27.62
1625920800.0,27.62
1625921100.0,27.61
1625921400.0,27.62
1625921700.0,27.61
1625922000.0,27.62
1625922300.0,27.62
1625922600.0,27.62
1625922600.0,27.62
1625922900.0,27.62
1625923200.0,27.62
1625923500.0,27.62
1625923800.0,27.62
1625924100.0,27.62
1625924400.0,27.62
1625924700.0,27.61
1625925000.0,27.6
1625925300.0,27.62
1625925600.0,27.61
1625925900.0,27.62
1625926200.0,27.62
1625926500.0,27.62
1625926800.0,27.62
1625927100.0,27.6
1625927400.0,27.6
1625927700.0,27.6
1625928000.0,27.6
1625928300.0,27.6
1625928600.0,27.62
1625928900.0,27.62
1625929200.0,27.6
1625929500.0,27.59
1625929800.0,27.59
1625930100.0,27.61
1625930400.0,27.6
1625930700.0,27.59
1625931000.0,27.59
1625931300.0,27.59
1625931600.0,27.59
1625931900.0,27.61
1625932200.0,27.59
1625932500.0,27.58
1625932800.0,27.59
1625933100.0,27.62
1625933400.0,27.62
1625933700.0,27.62
1625934000.0,27.62
1625934300.0,27.62
1625934600.0,27.63
1625934900.0,27.6
1625935200.0,27.6
1625935500.0,27.6
1625935800.0,27.6
1625936100.0,27.61
1625936400.0,27.6
1625936700.0,27.6
1625937000.0,27.6
1625937300.0,27.59
1625937600.0,27.61
1625937900.0,27.59
1625938200.0,27.6
1625938500.0,27.6
1625938800.0,27.59
1625939100.0,27.59
1625939400.0,27.6
1625939700.0,27.6
1625940000.0,27.6
1625940300.0,27.6
1625940600.0,27.59
1625940900.0,27.6
1625941200.0,27.59
1625941500.0,27.59
1625941800.0,27.61
1625942100.0,27.61
1625942400.0,27.59
1625942700.0,27.59
1625943000.0,27.59
1625943300.0,27.59
1625943600.0,27.59
1625943900.0,27.59
1625944200.0,27.61
1625944500.0,27.62
1625944800.0,27.61
1625945100.0,27.61
1625945400.0,27.6
1625945700.0,27.6
1625946000.0,27.6
1625946300.0,27.6
1625946600.0,27.6
1625946900.0,27.6
1625947200.0,27.6
1625947500.0,27.61
1625947800.0,27.61
1625948100.0,27.59
1625948400.0,27.6
1625948700.0,27.6
1625949000.0,27.6
1625949300.0,27.6
1625949600.0,27.6
1625949900.0,27.6
1625950200.0,27.59
1625950500.0,27.6
1625950800.0,27.6
1625951100.0,27.6
1625951400.0,27.6
1625951700.0,27.59
1625952000.0,27.6
1625952300.0,27.59
1625952600.0,27.59
1625952900.0,27.59
1625953200.0,27.59
1625953500.0,27.59
1625953800.0,27.59
1625954100.0,27.6
1625954400.0,27.6
1625954700.0,27.6
1625955000.0,27.61
1625955300.0,27.61
1625955600.0,27.61
1625955900.0,27.61
1625956200.0,27.61
1625956500.0,27.61
1625956800.0,27.61
1625957100.0,27.61
1625957400.0,27.61
1625957700.0,27.61
1625958000.0,27.61
1625958300.0,27.59
1625958600.0,27.59
1625958900.0,27.59
1625959200.0,27.59
1625959500.0,27.61
1625959800.0,27.61
1625960100.0,27.61
1625960400.0,27.61
1625960700.0,27.61
1625961000.0,27.61
1625961300.0,27.61
1625961600.0,27.61
1625961900.0,27.61
1625962200.0,27.62
1625962500.0,27.61
1625962800.0,27.6
1625963100.0,27.62
1625963400.0,27.62
1625963700.0,27.62
1625964000.0,27.62
1625964300.0,27.62
1625964600.0,27.62
1625964900.0,27.62
1625965200.0,27.62
1625965500.0,27.62
1625965800.0,27.62
1625966100.0,27.62
1625966400.0,27.62
1625966700.0,27.62
1625967000.0,27.62
1625967300.0,27.62
1625967600.0,27.62
1625967900.0,27.62
1625968200.0,27.62
1625968500.0,27.62
1625968800.0,27.62
1625969100.0,27.62
1625969400.0,27.62
1625969700.0,27.62
1625970000.0,27.62
1625970300.0,27.62
1625970600.0,27.62
1625970900.0,27.62
1625971200.0,27.62
1625971500.0,27.62
1625971800.0,27.62
1625972100.0,27.62
1625972400.0,27.62
1625972700.0,27.62
1625973000.0,27.62
1625973300.0,27.62
1625973600.0,27.62
1625973900.0,27.62
1625974200.0,27.62
1625974500.0,27.62
1625974800.0,27.62
1625975100.0,27.61
1625975400.0,27.61
1625975700.0,27.6
1625976000.0,27.6
1625976300.0,27.6
1625976600.0,27.6
1625976900.0,27.6
1625977200.0,27.59
1625977500.0,27.59
1625977800.0,27.59
1625978100.0,27.58
1625978400.0,27.57
1625978700.0,27.57
1625979000.0,27.58
1625979300.0,27.58
1625979600.0,27.58
1625979900.0,27.58
1625980200.0,27.58
1625980500.0,27.58
1625980800.0,27.58
1625981100.0,27.58
1625981400.0,27.58
1625981700.0,27.58
1625982000.0,27.58
1625982300.0,27.58
1625982600.0,27.58
1625982900.0,27.58
1625983200.0,27.58
1625983500.0,27.58
1625983800.0,27.58
1625984100.0,27.58
1625984400.0,27.58
1625984700.0,27.57
1625985000.0,27.57
1625985300.0,27.57
1625985600.0,27.57
1625985900.0,27.6
1625986200.0,27.6
1625986500.0,27.57
1625986800.0,27.57
1625987100.0,27.57
1625987400.0,27.58
1625987700.0,27.57
1625988000.0,27.57
1625988300.0,27.57
1625988600.0,27.57
1625988900.0,27.58
1625989200.0,27.59
1625989500.0,27.59
1625989800.0,27.58
1625990100.0,27.59
1625990400.0,27.59
1625990700.0,27.59
1625991000.0,27.59
1625991300.0,27.58
1625991600.0,27.58
1625991900.0,27.58
1625992200.0,27.58
1625992500.0,27.58
1625992800.0,27.59
1625993100.0,27.58
1625993400.0,27.59
1625993700.0,27.58
1625994000.0,27.59
1625994300.0,27.59
1625994600.0,27.58
1625994900.0,27.59
1625995200.0,27.59
1625995500.0,27.59
1625995800.0,27.59
1625996100.0,27.58
1625996400.0,27.58
1625996700.0,27.59
1625997000.0,27.59
1625997300.0,27.59
1625997600.0,27.59
1625997900.0,27.58
1625998200.0,27.58
1625998500.0,27.59
1625998800.0,27.59
1625999100.0,27.59
1625999400.0,27.59
1625999700.0,27.59
1626000000.0,27.59
1626000300.0,27.59
1626000600.0,27.59
1626000900.0,27.58
1626001200.0,27.59
1626001500.0,27.59
1626001800.0,27.59
1626002100.0,27.6
1626002400.0,27.58
1626002700.0,27.59
1626003000.0,27.58
1626003300.0,27.59
1626003600.0,27.59
1626003900.0,27.59
1626004200.0,27.59
1626004500.0,27.59
1626004800.0,27.59
1626005100.0,27.6
1626005400.0,27.61
1626005700.0,27.61
1626006000.0,27.59
1626006300.0,27.59
1626006600.0,27.59
1626006900.0,27.6
1626007200.0,27.61
1626007500.0,27.59
1626007800.0,27.6
1626008100.0,27.6
1626008400.0,27.6
1626008700.0,27.6
1626009000.0,27.6
1626009300.0,27.6
1626009600.0,27.6
1626009900.0,27.59
1626010200.0,27.59
1626010500.0,27.59
1626010800.0,27.61
1626011100.0,27.6
1626011400.0,27.6
1626011700.0,27.6
1626012000.0,27.59
1626012300.0,27.6
1626012600.0,27.6
1626012900.0,27.59
1626013200.0,27.59
1626013500.0,27.6
1626013800.0,27.58
1626014100.0,27.6
1626014400.0,27.6
1626014700.0,27.59
1626015000.0,27.59
1626015300.0,27.59
1626015600.0,27.59
1626015900.0,27.59
1626016200.0,27.58
1626016500.0,27.6
1626016800.0,27.6
1626017100.0,27.6
1626017400.0,27.6
1626017700.0,27.6
1626018000.0,27.6
1626018300.0,27.59
1626018600.0,27.59
1626018900.0,27.58
1626019200.0,27.58
1626019500.0,27.59
1626019800.0,27.58
1626020100.0,27.59
1626020400.0,27.59
1626020700.0,27.58
1626021000.0,27.59
1626021300.0,27.58
1626021600.0,27.59
1626021900.0,27.59
1626022200.0,27.59
1626022500.0,27.61
1626022800.0,27.59
1626023100.0,27.59
1626023400.0,27.58
1626023700.0,27.59
1626024000.0,27.61
1626024300.0,27.58
1626024600.0,27.6
1626024900.0,27.6
1626025200.0,27.6
1626025500.0,27.6
1626025800.0,27.59
1626026100.0,27.59
1626026400.0,27.59
1626026700.0,27.58
1626027000.0,27.58
1626027300.0,27.58
1626027600.0,27.58
1626027900.0,27.58
1626028200.0,27.59
1626028500.0,27.58
1626028800.0,27.58
1626029100.0,27.58
1626029400.0,27.58
1626029700.0,27.59
1626030000.0,27.59
1626030300.0,27.59
1626030600.0,27.58
1626030900.0,27.58
1626031200.0,27.58
1626031500.0,27.58
1626031800.0,27.59
1626032100.0,27.58
1626032400.0,27.58
1626032700.0,27.59
1626033000.0,27.58
1626033300.0,27.59
1626033600.0,27.59
1626033900.0,27.58
1626034200.0,27.59
1626034500.0,27.58
1626034800.0,27.59
1626035100.0,27.58
1626035400.0,27.58
1626035700.0,27.59
1626036000.0,27.59
1626036300.0,27.58
1626036600.0,27.58
1626036900.0,27.58
1626037200.0,27.58
1626037500.0,27.59
1626037800.0,27.59
1626038100.0,27.59
1626038400.0,27.59
1626038700.0,27.58
1626039000.0,27.58
1626039300.0,27.58
1626039600.0,27.58
1626039900.0,27.58
1626040200.0,27.59
1626040500.0,27.59
1626040800.0,27.58
1626041100.0,27.59
1626041400.0,27.59
1626041700.0,27.58
1626042000.0,27.59
1626042300.0,27.59
1626042600.0,27.59
1626042900.0,27.59
1626043200.0,27.59
1626043500.0,27.59
1626043800.0,27.59
1626044100.0,27.59
1626044400.0,27.58
1626044700.0,27.58
1626045000.0,27.58
1626045300.0,27.58
1626045600.0,27.58
1626045900.0,27.58
1626046200.0,27.58
1626046500.0,27.58
1626046800.0,27.58
1626047100.0,27.58
1626047400.0,27.58
1626047700.0,27.59
1626048000.0,27.59
1626048300.0,27.59
1626048600.0,27.59
1626048900.0,27.58
1626049200.0,27.59
1626049500.0,27.59
1626049800.0,27.58
1626050100.0,27.58
1626050400.0,27.58
1626050700.0,27.58
1626051000.0,27.58
1626051300.0,27.58
1626051600.0,27.58
1626051900.0,27.58
1626052200.0,27.58
1626052500.0,27.58
1626052800.0,27.58
1626053100.0,27.58
1626053400.0,27.58
1626053700.0,27.58
1626054000.0,27.58
1626054300.0,27.58
1626054600.0,27.58
1626054900.0,27.58
1626055200.0,27.58
1626055500.0,27.58
1626055800.0,27.58
1626056100.0,27.58
1626056400.0,27.58
1626056700.0,27.58
1626057000.0,27.58
1626057300.0,27.58
1626057600.0,27.58
1626057900.0,27.58
1626058200.0,27.58
1626058500.0,27.58
1626058800.0,27.58
1626059100.0,27.58
1626059400.0,27.58
1626059700.0,27.58
1626060000.0,27.58
1626060300.0,27.58
1626060600.0,27.58
1626060900.0,27.58
1626061200.0,27.58
1626061500.0,27.58
1626061800.0,27.58
1626062100.0,27.58
1626062400.0,27.58
1626062700.0,27.58
1626063000.0,27.57
1626063300.0,27.57
1626063600.0,27.57
1626063900.0,27.57
1626064200.0,27.57
1626064500.0,27.57
1626064800.0,27.57
1626065100.0,27.57
1626065400.0,27.57
1626065700.0,27.57
1626066000.0,27.57
1626066300.0,27.58
1626066600.0,27.57
1626066900.0,27.58
1626067200.0,27.58
1626067500.0,27.57
1626067800.0,27.57
1626068100.0,27.57
1626068400.0,27.57
1626068700.0,27.57
1626069000.0,27.57
1626069300.0,27.57
1626069600.0,27.57
1626069900.0,27.57
1626070200.0,27.56
1626070500.0,27.56
1626070800.0,27.56
1626071100.0,27.56
1626071400.0,27.56
1626071700.0,27.56
1626072000.0,27.54
1626072300.0,27.53
1626072300.0,27.53
1626072600.0,27.54
1626072900.0,27.54
1626073200.0,27.54
1626073500.0,27.54
1626073800.0,27.55
1626074100.0,27.54
1626074400.0,27.55
1626074700.0,27.55
1626075000.0,27.56
1626075300.0,27.56
1626075600.0,27.56
1626075900.0,27.56
1626076200.0,27.54
1626076500.0,27.56
1626076800.0,27.56
1626077100.0,27.56
1626077400.0,27.56
1626077700.0,27.54
1626078000.0,27.55
1626078300.0,27.55
1626078600.0,27.56
1626078900.0,27.55
1626079200.0,27.55
1626079500.0,27.55
1626079800.0,27.55
1626080100.0,27.55
1626080400.0,27.55
1626080700.0,27.55
1626081000.0,27.54
1626081300.0,27.54
1626081600.0,27.57
1626081900.0,27.55
1626082200.0,27.55
1626082500.0,27.57
1626082800.0,27.55
1626083100.0,27.57
1626083400.0,27.57
1626083700.0,27.57
1626084000.0,27.58
1626084300.0,27.58
1626084600.0,27.58
1626084900.0,27.58
1626085200.0,27.59
1626085500.0,27.6
1626085800.0,27.6
1626086100.0,27.58
1626086400.0,27.58
1626086700.0,27.6
1626087000.0,27.6
1626087300.0,27.58
1626087600.0,27.6
1626087900.0,27.58
1626088200.0,27.59
1626088500.0,27.58
1626088800.0,27.58
1626089100.0,27.58
1626089400.0,27.59
1626089700.0,27.59
1626090000.0,27.59
1626090300.0,27.6
1626090600.0,27.6
1626090900.0,27.59
1626091200.0,27.58
1626091500.0,27.57
1626091800.0,27.58
1626092100.0,27.57
1626092400.0,27.58
1626092700.0,27.59
1626093000.0,27.59
1626093300.0,27.58
1626093600.0,27.58
1626093900.0,27.59
1626094200.0,27.59
1626094500.0,27.59
1626094800.0,27.59
1626095100.0,27.59
1626095400.0,27.58
1626095700.0,27.58
1626096000.0,27.58
1626096300.0,27.58
1626096600.0,27.59
1626096900.0,27.58
1626097200.0,27.58
1626097500.0,27.58
1626097800.0,27.58
1626098100.0,27.58
1626098400.0,27.59
1626098700.0,27.58
1626099000.0,27.58
1626099300.0,27.59
1626099600.0,27.6
1626099900.0,27.59
1626100200.0,27.59
1626100500.0,27.59
1626100800.0,27.59
1626101100.0,27.58
1626101400.0,27.58
1626101700.0,27.59
1626102000.0,27.59
1626102300.0,27.59
1626102600.0,27.58
1626102900.0,27.58
1626103200.0,27.59
1626103500.0,27.59
1626103800.0,27.58
1626104100.0,27.58
1626104400.0,27.56
1626104700.0,27.58
1626105000.0,27.56
1626105300.0,27.57
1626105600.0,27.57
1626105900.0,27.57
1626106200.0,27.57
1626106500.0,27.6
1626106800.0,27.59
1626107100.0,27.59
1626107400.0,27.57
1626107700.0,27.55
1626108000.0,27.55
1626108300.0,27.55
1626108600.0,27.58
1626108900.0,27.6
1626109200.0,27.58
1626109500.0,27.6
1626109800.0,27.56
1626110100.0,27.56
1626110400.0,27.58
1626110700.0,27.58
1626111000.0,27.59
1626111300.0,27.59
1626111600.0,27.59
1626111900.0,27.57
1626112200.0,27.59
1626112500.0,27.56
1626112800.0,27.58
1626113100.0,27.57
1626113400.0,27.58
1626113700.0,27.58
1626114000.0,27.59
1626114300.0,27.57
1626114600.0,27.58
1626114900.0,27.58
1626115200.0,27.57
1626115500.0,27.58
1626115800.0,27.59
1626116100.0,27.58
1626116400.0,27.58
1626116700.0,27.57
1626117000.0,27.58
1626117300.0,27.57
1626117600.0,27.57
1626117900.0,27.57
1626118200.0,27.58
1626118500.0,27.55
1626118800.0,27.57
1626119100.0,27.58
1626119400.0,27.57
1626119700.0,27.58
1626120000.0,27.58
1626120300.0,27.58
1626120600.0,27.58
1626120900.0,27.58
1626121200.0,27.57
1626121500.0,27.58
1626121800.0,27.58
1626122100.0,27.57
1626122400.0,27.57
1626122700.0,27.58
1626123000.0,27.58
1626123300.0,27.57
1626123600.0,27.57
1626123900.0,27.57
1626124200.0,27.57
1626124500.0,27.57
1626124800.0,27.57
1626125100.0,27.57
1626125400.0,27.59
1626125700.0,27.59
1626126000.0,27.59
1626126300.0,27.58
1626126600.0,27.59
1626126900.0,27.59
1626127200.0,27.59
1626127500.0,27.59
1626127800.0,27.59
1626128100.0,27.59
1626128400.0,27.59
1626128700.0,27.58
1626129000.0,27.58
1626129300.0,27.58
1626129600.0,27.58
1626129900.0,27.58
1626130200.0,27.58
1626130500.0,27.58
1626130800.0,27.58
1626131100.0,27.59
1626131400.0,27.59
1626131700.0,27.59
1626132000.0,27.59
1626132300.0,27.59
1626132600.0,27.59
1626132900.0,27.58
1626133200.0,27.58
1626133500.0,27.58
1626133800.0,27.58
1626134100.0,27.58
1626134400.0,27.58
1626134700.0,27.58
1626135000.0,27.58
1626135300.0,27.58
1626135600.0,27.59
1626135900.0,27.58
1626136200.0,27.58
1626136500.0,27.58
1626136800.0,27.58
1626137100.0,27.58
1626137400.0,27.58
1626137700.0,27.58
1626138000.0,27.58
1626138300.0,27.58
1626138600.0,27.59
1626138900.0,27.59
1626139200.0,27.58
1626139500.0,27.58
1626139800.0,27.58
1626140100.0,27.58
1626140400.0,27.58
1626140700.0,27.58
1626141000.0,27.58
1626141300.0,27.58
1626141600.0,27.58
1626141900.0,27.58
1626142200.0,27.58
1626142500.0,27.58
1626142800.0,27.58
1626143100.0,27.58
1626143400.0,27.58
1626143700.0,27.59
1626144000.0,27.59
1626144300.0,27.59
1626144600.0,27.59
1626144900.0,27.59
1626145200.0,27.59
1626145500.0,27.59
1626145800.0,27.59
1626146100.0,27.59
1626146400.0,27.59
1626146700.0,27.59
1626147000.0,27.59
1626147300.0,27.59
1626147600.0,27.58
1626147900.0,27.58
1626148200.0,27.58
1626148500.0,27.58
1626148800.0,27.58
1626149100.0,27.58
1626149400.0,27.58
1626149700.0,27.58
1626150000.0,27.58
1626150300.0,27.58
1626150600.0,27.58
1626150900.0,27.58
1626151200.0,27.58
1626151500.0,27.58
1626151800.0,27.57
1626152100.0,27.57
1626152400.0,27.57
1626152700.0,27.57
1626153000.0,27.58
1626153300.0,27.58
1626153600.0,27.58
1626153900.0,27.58
1626154200.0,27.57
1626154500.0,27.57
1626154800.0,27.58
1626155100.0,27.58
1626155400.0,27.57
1626155700.0,27.58
1626156000.0,27.57
1626156300.0,27.58
1626156600.0,27.58
1626156900.0,27.57
1626157200.0,27.57
1626157500.0,27.57
1626157800.0,27.56
1626158100.0,27.55
1626158400.0,27.55
1626158700.0,27.55
1626159000.0,27.53
1626159300.0,27.54
1626159600.0,27.54
1626159900.0,27.56
1626160200.0,27.57
1626160500.0,27.58
1626160800.0,27.57
1626161100.0,27.57
1626161400.0,27.57
1626161700.0,27.58
1626162000.0,27.58
1626162300.0,27.57
1626162600.0,27.57
1626162900.0,27.57
1626163200.0,27.57
1626163500.0,27.57
1626163800.0,27.57
1626164100.0,27.58
1626164400.0,27.57
1626164700.0,27.57
1626165000.0,27.58
1626165300.0,27.57
1626165600.0,27.57
1626165900.0,27.58
1626166200.0,27.57
1626166500.0,27.56
1626166800.0,27.58
1626167100.0,27.58
1626167400.0,27.57
1626167700.0,27.58
1626168000.0,27.58
1626168300.0,27.58
1626168600.0,27.58
1626168900.0,27.57
1626169200.0,27.56
1626169500.0,27.57
1626169800.0,27.57
1626170100.0,27.57
1626170400.0,27.57
1626170700.0,27.57
1626171000.0,27.56
1626171300.0,27.57
1626171600.0,27.57
1626171900.0,27.57
1626172200.0,27.57
1626172500.0,27.57
1626172800.0,27.57
1626173100.0,27.57
1626173400.0,27.58
1626173700.0,27.57
1626174000.0,27.57
1626174300.0,27.57
1626174600.0,27.58
1626174900.0,27.58
1626175200.0,27.57
1626175500.0,27.57
1626175800.0,27.57
1626176100.0,27.57
1626176400.0,27.57
1626176700.0,27.58
1626177000.0,27.58
1626177300.0,27.58
1626177600.0,27.58
1626177900.0,27.57
1626178200.0,27.57
1626178500.0,27.58
1626178800.0,27.57
1626179100.0,27.57
1626179400.0,27.57
1626179700.0,27.58
1626180000.0,27.6
1626180300.0,27.59
1626180600.0,27.61
1626180900.0,27.61
1626181200.0,27.6
1626181500.0,27.6
1626181800.0,27.6
1626182100.0,27.6
1626182400.0,27.62
1626182700.0,27.61
1626183000.0,27.63
1626183300.0,27.63
1626183600.0,27.61
1626183900.0,27.6
1626184200.0,27.62
1626184500.0,27.62
1626184800.0,27.64
1626185100.0,27.63
1626185400.0,27.63
1626185700.0,27.64
1626186000.0,27.64
1626186300.0,27.64
1626186600.0,27.64
1626186900.0,27.61
1626187200.0,27.62
1626187500.0,27.62
1626187800.0,27.64
1626188100.0,27.64
1626188400.0,27.64
1626188700.0,27.64
1626189000.0,27.62
1626189300.0,27.63
1626189600.0,27.62
1626189900.0,27.63
1626190200.0,27.63
1626190500.0,27.64
1626190800.0,27.64
1626191100.0,27.64
1626191400.0,27.64
1626191700.0,27.64
1626192000.0,27.65
1626192300.0,27.64
1626192600.0,27.64
1626192900.0,27.63
1626193200.0,27.65
1626193500.0,27.64
1626193800.0,27.63
1626194100.0,27.62
1626194400.0,27.62
1626194700.0,27.6
1626195000.0,27.59
1626195300.0,27.6
1626195600.0,27.62
1626195900.0,27.62
1626196200.0,27.59
1626196500.0,27.61
1626196800.0,27.61
1626197100.0,27.61
1626197400.0,27.61
1626197700.0,27.61
1626198000.0,27.6
1626198300.0,27.59
1626198600.0,27.64
1626198900.0,27.62
1626199200.0,27.64
1626199500.0,27.6
1626199800.0,27.58
1626200100.0,27.6
1626200400.0,27.6
1626200700.0,27.6
1626201000.0,27.59
1626201300.0,27.59
1626201600.0,27.6
1626201900.0,27.6
1626202200.0,27.63
1626202500.0,27.63
1626202800.0,27.63
1626203100.0,27.62
1626203400.0,27.61
1626203700.0,27.61
1626204000.0,27.6
1626204300.0,27.61
1626204600.0,27.62
1626204900.0,27.6
1626205200.0,27.63
1626205500.0,27.62
1626205800.0,27.63
1626206100.0,27.63
1626206400.0,27.64
1626206700.0,27.63
1626207000.0,27.63
1626207300.0,27.63
1626207600.0,27.64
1626207900.0,27.64
1626208200.0,27.63
1626208500.0,27.64
1626208800.0,27.63
1626209100.0,27.64
1626209400.0,27.64
1626209700.0,27.63
1626210000.0,27.63
1626210300.0,27.63
1626210600.0,27.64
1626210900.0,27.64
1626211200.0,27.63
1626211500.0,27.64
1626211800.0,27.64
1626212100.0,27.63
1626212400.0,27.63
1626212700.0,27.64
1626213000.0,27.64
1626213300.0,27.64
1626213600.0,27.64
1626213900.0,27.64
1626214200.0,27.64
1626214500.0,27.64
1626214800.0,27.64
1626215100.0,27.64
1626215400.0,27.63
1626215700.0,27.63
1626216000.0,27.64
1626216300.0,27.64
1626216600.0,27.64
1626216900.0,27.64
1626217200.0,27.64
1626217500.0,27.63
1626217800.0,27.63
1626218100.0,27.63
1626218400.0,27.63
1626218700.0,27.63
1626219000.0,27.64
1626219300.0,27.63
1626219600.0,27.63
1626219900.0,27.63
1626220200.0,27.63
1626220500.0,27.63
1626220800.0,27.63
1626221100.0,27.63
1626221400.0,27.63
1626221700.0,27.62
1626222000.0,27.63
1626222000.0,27.63
1626222300.0,27.63
1626222600.0,27.63
1626222900.0,27.63
1626223200.0,27.63
1626223500.0,27.63
1626223800.0,27.63
1626224100.0,27.62
1626224400.0,27.61
1626224700.0,27.61
1626225000.0,27.62
1626225300.0,27.62
1626225600.0,27.62
1626225900.0,27.62
1626226200.0,27.62
1626226500.0,27.62
1626226800.0,27.62
1626227100.0,27.62
1626227400.0,27.63
1626227700.0,27.64
1626228000.0,27.63
1626228300.0,27.63
1626228600.0,27.63
1626228900.0,27.63
1626229200.0,27.63
1626229500.0,27.63
1626229800.0,27.63
1626230100.0,27.64
1626230400.0,27.64
1626230700.0,27.63
1626231000.0,27.63
1626231300.0,27.63
1626231600.0,27.63
1626231900.0,27.63
1626232200.0,27.64
1626232500.0,27.64
1626232800.0,27.63
1626233100.0,27.64
1626233400.0,27.64
1626233700.0,27.63
1626234000.0,27.64
1626234300.0,27.64
1626234600.0,27.64
1626234900.0,27.64
1626235200.0,27.63
1626235500.0,27.64
1626235800.0,27.64
1626236100.0,27.64
1626236400.0,27.64
1626236700.0,27.64
1626237000.0,27.64
1626237300.0,27.64
1626237600.0,27.64
1626237900.0,27.63
1626238200.0,27.63
1626238500.0,27.63
1626238800.0,27.63
1626239100.0,27.63
1626239400.0,27.63
1626239700.0,27.63
1626240000.0,27.64
1626240300.0,27.64
1626240600.0,27.63
1626240900.0,27.64
1626241200.0,27.64
1626241500.0,27.65
1626241800.0,27.65
1626242100.0,27.65
1626242400.0,27.64
1626242700.0,27.64
1626243000.0,27.64
1626243300.0,27.64
1626243600.0,27.64
1626243900.0,27.65
1626244200.0,27.65
1626244500.0,27.65
1626244800.0,27.65
1626245100.0,27.65
1626245400.0,27.65
1626245700.0,27.64
1626246000.0,27.65
1626246300.0,27.65
1626246600.0,27.64
1626246900.0,27.64
1626247200.0,27.65
1626247500.0,27.65
1626247800.0,27.65
1626248100.0,27.65
1626248400.0,27.64
1626248700.0,27.64
1626249000.0,27.65
1626249300.0,27.65
1626249600.0,27.65
1626249900.0,27.64
1626250200.0,27.65
1626250500.0,27.65
1626250800.0,27.64
1626251100.0,27.65
1626251400.0,27.65
1626251700.0,27.65
1626252000.0,27.64
1626252300.0,27.65
1626252600.0,27.65
1626252900.0,27.65
1626253200.0,27.65
1626253500.0,27.64
1626253800.0,27.64
1626254100.0,27.65
1626254400.0,27.66
1626254700.0,27.65
1626255000.0,27.65
1626255300.0,27.65
1626255600.0,27.66
1626255900.0,27.66
1626256200.0,27.66
1626256500.0,27.66
1626256800.0,27.65
1626257100.0,27.66
1626257400.0,27.66
1626257700.0,27.66
1626258000.0,27.65
1626258300.0,27.66
1626258600.0,27.65
1626258900.0,27.66
1626259200.0,27.66
1626259500.0,27.66
1626259800.0,27.66
1626260100.0,27.65
1626260400.0,27.65
1626260700.0,27.65
1626261000.0,27.64
1626261300.0,27.64
1626261600.0,27.64
1626261900.0,27.64
1626262200.0,27.63
1626262500.0,27.64
1626262800.0,27.64
1626263100.0,27.64
1626263400.0,27.62
1626263700.0,27.6
1626264000.0,27.59
1626264300.0,27.58
1626264600.0,27.61
1626264900.0,27.59
1626265200.0,27.59
1626265500.0,27.59
1626265800.0,27.59
1626266100.0,27.58
1626266400.0,27.58
1626266700.0,27.58
1626267000.0,27.57
1626267300.0,27.59
1626267600.0,27.55
1626267900.0,27.58
1626268200.0,27.59
1626268500.0,27.57
1626268800.0,27.59
1626269100.0,27.59
1626269400.0,27.58
1626269700.0,27.56
1626270000.0,27.57
1626270300.0,27.58
1626270600.0,27.56
1626270900.0,27.58
1626271200.0,27.58
1626271500.0,27.58
1626271800.0,27.58
1626272100.0,27.58
1626272400.0,27.57
1626272700.0,27.57
1626273000.0,27.58
1626273300.0,27.58
1626273600.0,27.59
1626273900.0,27.58
1626274200.0,27.59
1626274500.0,27.58
1626274800.0,27.59
1626275100.0,27.58
1626275400.0,27.58
1626275700.0,27.58
1626276000.0,27.58
1626276300.0,27.58
1626276600.0,27.58
1626276900.0,27.59
1626277200.0,27.58
1626277500.0,27.58
1626277800.0,27.58
1626278100.0,27.58
1626278400.0,27.58
1626278700.0,27.59
1626279000.0,27.59
1626279300.0,27.58
1626279600.0,27.58
1626279900.0,27.59
1626280200.0,27.58
1626280500.0,27.58
1626280800.0,27.58
1626281100.0,27.58
1626281400.0,27.58
1626281700.0,27.58
1626282000.0,27.58
1626282300.0,27.58
1626282600.0,27.58
1626282900.0,27.58
1626283200.0,27.59
1626283500.0,27.59
1626283800.0,27.58
1626284100.0,27.59
1626284400.0,27.58
1626284700.0,27.58
1626285000.0,27.58
1626285300.0,27.58
1626285600.0,27.58
1626285900.0,27.58
1626286200.0,27.58
1626286500.0,27.59
1626286800.0,27.59
1626287100.0,27.59
1626287400.0,27.58
1626287700.0,27.59
1626288000.0,27.59
1626288300.0,27.59
1626288600.0,27.57
1626288900.0,27.57
1626289200.0,27.57
1626289500.0,27.59
1626289800.0,27.58
1626290100.0,27.58
1626290400.0,27.57
1626290700.0,27.57
1626291000.0,27.58
1626291300.0,27.58
1626291600.0,27.58
1626291900.0,27.56
1626292200.0,27.58
1626292500.0,27.58
1626292800.0,27.57
1626293100.0,27.57
1626293400.0,27.58
1626293700.0,27.58
1626294000.0,27.58
1626294300.0,27.59
1626294600.0,27.59
1626294900.0,27.59
1626295200.0,27.59
1626295500.0,27.59
1626295800.0,27.58
1626296100.0,27.58
1626296400.0,27.59
1626296700.0,27.59
1626297000.0,27.59
1626297300.0,27.58
1626297600.0,27.59
1626297900.0,27.59
1626298200.0,27.58
1626298500.0,27.59
1626298800.0,27.58
1626299100.0,27.58
1626299400.0,27.59
1626299700.0,27.59
1626300000.0,27.59
1626300300.0,27.58
1626300600.0,27.56
1626300900.0,27.58
1626301200.0,27.58
1626301500.0,27.58
1626301800.0,27.58
1626302100.0,27.58
1626302400.0,27.59
1626302700.0,27.59
1626303000.0,27.59
1626303300.0,27.59
1626303600.0,27.59
1626303900.0,27.59
1626304200.0,27.59
1626304500.0,27.59
1626304800.0,27.59
1626305100.0,27.59
1626305400.0,27.59
1626305700.0,27.6
1626306000.0,27.61
1626306300.0,27.61
1626306600.0,27.61
1626306900.0,27.61
1626307200.0,27.61
1626307500.0,27.58
1626307800.0,27.59
1626308100.0,27.59
1626308400.0,27.59
1626308700.0,27.59
1626309000.0,27.59
1626309300.0,27.59
1626309600.0,27.59
1626309900.0,27.59
1626310200.0,27.59
1626310500.0,27.59
1626310800.0,27.59
1626311100.0,27.59
1626311400.0,27.59
1626311700.0,27.59
1626312000.0,27.59
1626312300.0,27.59
1626312600.0,27.59
1626312900.0,27.61
1626313200.0,27.6
1626313500.0,27.6
1626313800.0,27.61
1626314100.0,27.59
1626314400.0,27.59
1626314700.0,27.59
1626315000.0,27.58
1626315300.0,27.58
1626315600.0,27.58
1626315900.0,27.58
1626316200.0,27.58
1626316500.0,27.58
1626316800.0,27.58
1626317100.0,27.58
1626317400.0,27.58
1626317700.0,27.58
1626318000.0,27.59
1626318300.0,27.59
1626318600.0,27.59
1626318900.0,27.59
1626319200.0,27.59
1626319500.0,27.59
1626319800.0,27.59
1626320100.0,27.59
1626320400.0,27.58
1626320700.0,27.58
1626321000.0,27.58
1626321300.0,27.58
1626321600.0,27.58
1626321900.0,27.58
1626322200.0,27.58
1626322500.0,27.58
1626322800.0,27.57
1626323100.0,27.56
1626323400.0,27.56
1626323700.0,27.57
1626324000.0,27.57
1626324300.0,27.57
1626324600.0,27.57
1626324900.0,27.57
1626325200.0,27.57
1626325500.0,27.57
1626325800.0,27.57
1626326100.0,27.57
1626326400.0,27.57
1626326700.0,27.57
1626327000.0,27.58
1626327300.0,27.57
1626327600.0,27.57
1626327900.0,27.57
1626328200.0,27.58
1626328500.0,27.58
1626328800.0,27.57
1626329100.0,27.58
1626329400.0,27.57
1626329700.0,27.57
1626330000.0,27.57
1626330300.0,27.58
1626330600.0,27.58
1626330900.0,27.58
1626331200.0,27.58
1626331500.0,27.57
1626331800.0,27.57
1626332100.0,27.57
1626332400.0,27.58
1626332700.0,27.58
1626333000.0,27.59
1626333300.0,27.59
1626333600.0,27.59
1626333900.0,27.59
1626334200.0,27.58
1626334500.0,27.59
1626334800.0,27.59
1626335100.0,27.58
1626335400.0,27.57
1626335700.0,27.59
1626336000.0,27.59
1626336300.0,27.58
1626336600.0,27.59
1626336900.0,27.58
1626337200.0,27.59
1626337500.0,27.6
1626337800.0,27.6
1626338100.0,27.59
1626338400.0,27.6
1626338700.0,27.59
1626339000.0,27.59
1626339300.0,27.6
1626339600.0,27.59
1626339900.0,27.59
1626340200.0,27.59
1626340500.0,27.6
1626340800.0,27.59
1626341100.0,27.59
1626341400.0,27.6
1626341700.0,27.6
1626342000.0,27.59
1626342300.0,27.6
1626342600.0,27.59
1626342900.0,27.59
1626343200.0,27.6
1626343500.0,27.6
1626343800.0,27.6
1626344100.0,27.6
1626344400.0,27.6
1626344700.0,27.59
1626345000.0,27.59
1626345300.0,27.6
1626345600.0,27.6
1626345900.0,27.6
1626346200.0,27.58
1626346500.0,27.59
1626346800.0,27.57
1626347100.0,27.59
1626347400.0,27.59
1626347700.0,27.59
1626348000.0,27.59
1626348300.0,27.6
1626348600.0,27.6
1626348900.0,27.59
1626349200.0,27.59
1626349500.0,27.6
1626349800.0,27.59
1626350100.0,27.58
1626350400.0,27.57
1626350700.0,27.59
1626351000.0,27.58
1626351300.0,27.6
1626351600.0,27.58
1626351900.0,27.58
1626352200.0,27.57
1626352500.0,27.58
1626352800.0,27.58
1626353100.0,27.58
1626353400.0,27.6
1626353700.0,27.59
1626354000.0,27.58
1626354300.0,27.58
1626354600.0,27.59
1626354900.0,27.57
1626355200.0,27.58
1626355500.0,27.59
1626355800.0,27.58
1626356100.0,27.59
1626356400.0,27.59
1626356700.0,27.59
1626357000.0,27.6
1626357300.0,27.59
1626357600.0,27.58
1626357900.0,27.58
1626358200.0,27.6
1626358500.0,27.6
1626358800.0,27.6
1626359100.0,27.6
1626359400.0,27.59
1626359700.0,27.58
1626360000.0,27.59
1626360300.0,27.58
1626360600.0,27.58
1626360900.0,27.58
1626361200.0,27.59
1626361500.0,27.59
1626361800.0,27.59
1626362100.0,27.59
1626362400.0,27.59
1626362700.0,27.58
1626363000.0,27.58
1626363300.0,27.58
1626363600.0,27.59
1626363900.0,27.58
1626364200.0,27.59
1626364500.0,27.59
1626364800.0,27.59
1626365100.0,27.59
1626365400.0,27.58
1626365700.0,27.59
1626366000.0,27.58
1626366300.0,27.58
1626366600.0,27.58
1626366900.0,27.59
1626367200.0,27.59
1626367500.0,27.59
1626367800.0,27.59
1626368100.0,27.6
1626368400.0,27.6
1626368700.0,27.6
1626369000.0,27.6
1626369300.0,27.6
1626369600.0,27.58
1626369900.0,27.6
1626370200.0,27.58
1626370500.0,27.58
1626370800.0,27.59
1626371100.0,27.59
1626371400.0,27.59
1626371700.0,27.59
1626371700.0,27.59
1626372000.0,27.58
1626372300.0,27.55
1626372600.0,27.57
1626372900.0,27.57
1626373200.0,27.59
1626373500.0,27.58
1626373800.0,27.59
1626374100.0,27.58
1626374400.0,27.59
1626374700.0,27.59
1626375000.0,27.58
1626375300.0,27.58
1626375600.0,27.58
1626375900.0,27.59
1626376200.0,27.59
1626376500.0,27.6
1626376800.0,27.6
1626377100.0,27.6
1626377400.0,27.6
1626377700.0,27.59
1626378000.0,27.6
1626378300.0,27.6
1626378600.0,27.59
1626378900.0,27.59
1626379200.0,27.59
1626379500.0,27.59
1626379800.0,27.58
1626380100.0,27.58
1626380400.0,27.6
1626380700.0,27.59
1626381000.0,27.59
1626381300.0,27.59
1626381600.0,27.6
1626381900.0,27.59
1626382200.0,27.59
1626382500.0,27.6
1626382800.0,27.6
1626383100.0,27.59
1626383400.0,27.6
1626383700.0,27.6
1626384000.0,27.6
1626384300.0,27.6
1626384600.0,27.6
1626384900.0,27.59
1626385200.0,27.6
1626385500.0,27.6
1626385800.0,27.59
1626386100.0,27.59
1626386400.0,27.59
1626386700.0,27.59
1626387000.0,27.59
1626387300.0,27.59
1626387600.0,27.6
1626387900.0,27.6
1626388200.0,27.59
1626388500.0,27.59
1626388800.0,27.59
1626389100.0,27.59
1626389400.0,27.59
1626389700.0,27.59
1626390000.0,27.59
1626390300.0,27.59
1626390600.0,27.59
1626390900.0,27.59
1626391200.0,27.59
1626391500.0,27.59
1626391800.0,27.59
1626392100.0,27.59
1626392400.0,27.59
1626392700.0,27.59
1626393000.0,27.59
1626393300.0,27.59
1626393600.0,27.59
1626393900.0,27.6
1626394200.0,27.61
1626394500.0,27.61
1626394800.0,27.61
1626395100.0,27.61
1626395400.0,27.61
1626395700.0,27.61
1626396000.0,27.61
1626396300.0,27.61
1626396600.0,27.61
1626396900.0,27.61
1626397200.0,27.61
1626397500.0,27.62
1626397800.0,27.62
1626398100.0,27.62
1626398400.0,27.62
1626398700.0,27.62
1626399000.0,27.61
1626399300.0,27.62
1626399600.0,27.62
1626399900.0,27.62
1626400200.0,27.62
1626400500.0,27.63
1626400800.0,27.63
1626401100.0,27.63
1626401400.0,27.63
1626401700.0,27.63
1626402000.0,27.63
1626402300.0,27.64
1626402600.0,27.64
1626402900.0,27.64
1626403200.0,27.64
1626403500.0,27.64
1626403800.0,27.64
1626404100.0,27.64
1626404400.0,27.64
1626404700.0,27.64
1626405000.0,27.64
1626405300.0,27.64
1626405600.0,27.64
1626405900.0,27.64
1626406200.0,27.62
1626406500.0,27.59
1626406800.0,27.59
1626407100.0,27.59
1626407400.0,27.59
1626407700.0,27.59
1626408000.0,27.59
1626408300.0,27.59
1626408600.0,27.6
1626408900.0,27.6
1626409200.0,27.6
1626409500.0,27.6
1626409800.0,27.59
1626410100.0,27.59
1626410400.0,27.59
1626410700.0,27.59
1626411000.0,27.59
1626411300.0,27.59
1626411600.0,27.59
1626411900.0,27.59
1626412200.0,27.59
1626412500.0,27.6
1626412800.0,27.6
1626413100.0,27.59
1626413400.0,27.6
1626413700.0,27.6
1626414000.0,27.59
1626414300.0,27.6
1626414600.0,27.59
1626414900.0,27.57
1626415200.0,27.62
1626415500.0,27.62
1626415800.0,27.61
1626416100.0,27.61
1626416400.0,27.57
1626416700.0,27.59
1626417000.0,27.58
1626417300.0,27.59
1626417600.0,27.59
1626417900.0,27.57
1626418200.0,27.57
1626418500.0,27.58
1626418800.0,27.57
1626419100.0,27.57
1626419400.0,27.58
1626419700.0,27.59
1626420000.0,27.6
1626420300.0,27.6
1626420600.0,27.58
1626420900.0,27.59
1626421200.0,27.6
1626421500.0,27.6
1626421800.0,27.59
1626422100.0,27.6
1626422400.0,27.59
1626422700.0,27.6
1626423000.0,27.59
1626423300.0,27.59
1626423600.0,27.6
1626423900.0,27.6
1626424200.0,27.6
1626424500.0,27.59
1626424800.0,27.59
1626425100.0,27.6
1626425400.0,27.59
1626425700.0,27.6
1626426000.0,27.6
1626426300.0,27.59
1626426600.0,27.59
1626426900.0,27.59
1626427200.0,27.6
1626427500.0,27.6
1626427800.0,27.6
1626428100.0,27.6
1626428400.0,27.6
1626428700.0,27.59
1626429000.0,27.6
1626429300.0,27.59
1626429600.0,27.6
1626429900.0,27.59
1626430200.0,27.6
1626430500.0,27.6
1626430800.0,27.6
1626431100.0,27.6
1626431400.0,27.6
1626431700.0,27.6
1626432000.0,27.6
1626432300.0,27.59
1626432600.0,27.6
1626432900.0,27.6
1626433200.0,27.6
1626433500.0,27.6
1626433800.0,27.59
1626434100.0,27.6
1626434400.0,27.59
1626434700.0,27.58
1626435000.0,27.56
1626435300.0,27.56
1626435600.0,27.56
1626435900.0,27.53
1626436200.0,27.53
1626436500.0,27.54
1626436800.0,27.54
1626437100.0,27.54
1626437400.0,27.55
1626437700.0,27.54
1626438000.0,27.55
1626438300.0,27.54
1626438600.0,27.54
1626438900.0,27.55
1626439200.0,27.55
1626439500.0,27.54
1626439800.0,27.54
1626440100.0,27.55
1626440400.0,27.54
1626440700.0,27.55
1626441000.0,27.54
1626441300.0,27.55
1626441600.0,27.55
1626441900.0,27.54
1626442200.0,27.53
1626442500.0,27.54
1626442800.0,27.54
1626443100.0,27.54
1626443400.0,27.54
1626443700.0,27.54
1626444000.0,27.54
1626444300.0,27.54
1626444600.0,27.53
1626444900.0,27.54
1626445200.0,27.54
1626445500.0,27.54
1626445800.0,27.54
1626446100.0,27.54
1626446400.0,27.53
1626446700.0,27.54
1626447000.0,27.53
1626447300.0,27.53
1626447600.0,27.53
1626447900.0,27.55
1626448200.0,27.55
1626448500.0,27.55
1626448800.0,27.53
1626449100.0,27.54
1626449400.0,27.54
1626449700.0,27.54
1626450000.0,27.53
1626450300.0,27.54
1626450600.0,27.53
1626450900.0,27.54
1626451200.0,27.53
1626451500.0,27.54
1626451800.0,27.54
1626452100.0,27.54
1626452400.0,27.54
1626452700.0,27.54
1626453000.0,27.53
1626453300.0,27.53
1626453600.0,27.54
1626453900.0,27.54
1626454200.0,27.54
1626454500.0,27.54
1626454800.0,27.53
1626455100.0,27.54
1626455400.0,27.54
1626455700.0,27.53
1626456000.0,27.53
1626456300.0,27.54
1626456600.0,27.54
1626456900.0,27.54
1626457200.0,27.54
1626457500.0,27.54
1626457800.0,27.54
1626458100.0,27.53
1626458400.0,27.53
1626458700.0,27.53
1626459000.0,27.54
1626459300.0,27.54
1626459600.0,27.53
1626459900.0,27.54
1626460200.0,27.54
1626460500.0,27.55
1626460800.0,27.55
1626461100.0,27.53
1626461400.0,27.54
1626461700.0,27.54
1626462000.0,27.53
1626462300.0,27.53
1626462600.0,27.53
1626462900.0,27.54
1626463200.0,27.52
1626463500.0,27.54
1626463800.0,27.53
1626464100.0,27.54
1626464400.0,27.54
1626464700.0,27.54
1626465000.0,27.52
1626465300.0,27.53
1626465600.0,27.53
1626465900.0,27.53
1626466200.0,27.53
1626466500.0,27.53
1626466800.0,27.52
1626467100.0,27.53
1626467400.0,27.53
1626467700.0,27.54
1626468000.0,27.55
1626468300.0,27.55
1626468600.0,27.54
1626468900.0,27.55
1626469200.0,27.55
1626469500.0,27.55
1626469800.0,27.55
1626470100.0,27.54
1626470400.0,27.49
1626470700.0,27.49
1626471000.0,27.52
1626471300.0,27.54
1626471600.0,27.52
1626471900.0,27.53
1626472200.0,27.53
1626472500.0,27.54
1626472800.0,27.54
1626473100.0,27.54
1626473400.0,27.54
1626473700.0,27.54
1626474000.0,27.54
1626474300.0,27.55
1626474600.0,27.56
1626474900.0,27.55
1626475200.0,27.55
1626475500.0,27.57
1626475800.0,27.57
1626476100.0,27.57
1626476400.0,27.55
1626476700.0,27.57
1626477000.0,27.55
1626477300.0,27.55
1626477600.0,27.55
1626477900.0,27.55
1626478200.0,27.54
1626478500.0,27.54
1626478800.0,27.54
1626479100.0,27.54
1626479400.0,27.54
1626479700.0,27.54
1626480000.0,27.54
1626480300.0,27.56
1626480600.0,27.55
1626480900.0,27.54
1626481200.0,27.56
1626481500.0,27.56
1626481800.0,27.56
1626482100.0,27.55
1626482400.0,27.55
1626482700.0,27.55
1626483000.0,27.55
1626483300.0,27.55
1626483600.0,27.55
1626483900.0,27.55
1626484200.0,27.55
1626484500.0,27.55
1626484800.0,27.55
1626485100.0,27.55
1626485400.0,27.55
1626485700.0,27.55
1626486000.0,27.55
1626486300.0,27.55
1626486600.0,27.55
1626486900.0,27.54
1626487200.0,27.54
1626487500.0,27.54
1626487800.0,27.54
1626488100.0,27.54
1626488400.0,27.54
1626488700.0,27.54
1626489000.0,27.54
1626489300.0,27.54
1626489600.0,27.54
1626489900.0,27.54
1626490200.0,27.54
1626490500.0,27.54
1626490800.0,27.54
1626491100.0,27.54
1626491400.0,27.54
1626491700.0,27.54
1626492000.0,27.55
1626492300.0,27.55
1626492600.0,27.55
1626492900.0,27.55
1626493200.0,27.55
1626493500.0,27.55
1626493800.0,27.55
1626494100.0,27.54
1626494400.0,27.54
1626494700.0,27.54
1626495000.0,27.54
1626495300.0,27.54
1626495600.0,27.54
1626495900.0,27.53
1626496200.0,27.53
1626496500.0,27.54
1626496800.0,27.54
1626497100.0,27.54
1626497400.0,27.53
1626497700.0,27.53
1626498000.0,27.53
1626498300.0,27.54
1626498600.0,27.54
1626498900.0,27.53
1626499200.0,27.53
1626499500.0,27.55
1626499800.0,27.53
1626500100.0,27.53
1626500400.0,27.53
1626500700.0,27.52
1626501000.0,27.52
1626501300.0,27.53
1626501600.0,27.53
1626501900.0,27.53
1626502200.0,27.53
1626502500.0,27.53
1626502800.0,27.54
1626503100.0,27.53
1626503400.0,27.53
1626503700.0,27.53
1626504000.0,27.53
1626504300.0,27.53
1626504600.0,27.54
1626504900.0,27.54
1626505200.0,27.54
1626505500.0,27.54
1626505800.0,27.53
1626506100.0,27.55
1626506400.0,27.55
1626506700.0,27.55
1626507000.0,27.55
1626507300.0,27.55
1626507600.0,27.54
1626507900.0,27.53
1626508200.0,27.53
1626508500.0,27.53
1626508800.0,27.54
1626509100.0,27.52
1626509400.0,27.54
1626509700.0,27.54
1626510000.0,27.53
1626510300.0,27.54
1626510600.0,27.54
1626510900.0,27.54
1626511200.0,27.55
1626511500.0,27.54
1626511800.0,27.54
1626512100.0,27.54
1626512400.0,27.55
1626512700.0,27.55
1626513000.0,27.55
1626513300.0,27.55
1626513600.0,27.55
1626513900.0,27.55
1626514200.0,27.54
1626514500.0,27.55
1626514800.0,27.55
1626515100.0,27.55
1626515400.0,27.55
1626515700.0,27.55
1626516000.0,27.55
1626516300.0,27.55
1626516600.0,27.55
1626516900.0,27.54
1626517200.0,27.54
1626517500.0,27.55
1626517800.0,27.55
1626518100.0,27.54
1626518400.0,27.55
1626518700.0,27.56
1626519000.0,27.56
1626519300.0,27.55
1626519600.0,27.55
1626519900.0,27.56
1626520200.0,27.55
1626520500.0,27.55
1626520800.0,27.56
1626521100.0,27.56
1626521400.0,27.56
1626521400.0,27.56
1626521700.0,27.56
1626522000.0,27.56
1626522300.0,27.55
1626522600.0,27.54
1626522900.0,27.54
1626523200.0,27.54
1626523500.0,27.55
1626523800.0,27.54
1626524100.0,27.56
1626524400.0,27.54
1626524700.0,27.56
1626525000.0,27.54
1626525300.0,27.54
1626525600.0,27.56
1626525900.0,27.54
1626526200.0,27.56
1626526500.0,27.56
1626526800.0,27.55
1626527100.0,27.54
1626527400.0,27.54
1626527700.0,27.53
1626528000.0,27.53
1626528300.0,27.54
1626528600.0,27.55
1626528900.0,27.53
1626529200.0,27.53
1626529500.0,27.53
1626529800.0,27.54
1626530100.0,27.54
1626530400.0,27.51
1626530700.0,27.55
1626531000.0,27.55
1626531300.0,27.54
1626531600.0,27.51
1626531900.0,27.52
1626532200.0,27.55
1626532500.0,27.55
1626532800.0,27.55
1626533100.0,27.54
1626533400.0,27.54
1626533700.0,27.54
1626534000.0,27.54
1626534300.0,27.54
1626534600.0,27.54
1626534900.0,27.54
1626535200.0,27.54
1626535500.0,27.54
1626535800.0,27.55
1626536100.0,27.54
1626536400.0,27.55
1626536700.0,27.54
1626537000.0,27.54
1626537300.0,27.55
1626537600.0,27.55
1626537900.0,27.55
1626538200.0,27.54
1626538500.0,27.54
1626538800.0,27.55
1626539100.0,27.54
1626539400.0,27.53
1626539700.0,27.52
1626540000.0,27.53
1626540300.0,27.54
1626540600.0,27.54
1626540900.0,27.52
1626541200.0,27.54
1626541500.0,27.54
1626541800.0,27.52
1626542100.0,27.52
1626542400.0,27.53
1626542700.0,27.53
1626543000.0,27.51
1626543300.0,27.51
1626543600.0,27.51
1626543900.0,27.53
1626544200.0,27.53
1626544500.0,27.53
1626544800.0,27.54
1626545100.0,27.54
1626545400.0,27.54
1626545700.0,27.54
1626546000.0,27.54
1626546300.0,27.52
1626546600.0,27.54
1626546900.0,27.53
1626547200.0,27.55
1626547500.0,27.55
1626547800.0,27.53
1626548100.0,27.53
1626548400.0,27.53
1626548700.0,27.53
1626549000.0,27.54
1626549300.0,27.52
1626549600.0,27.53
1626549900.0,27.53
1626550200.0,27.54
1626550500.0,27.54
1626550800.0,27.53
1626551100.0,27.53
1626551400.0,27.54
1626551700.0,27.54
1626552000.0,27.53
1626552300.0,27.54
1626552600.0,27.54
1626552900.0,27.53
1626553200.0,27.53
1626553500.0,27.53
1626553800.0,27.53
1626554100.0,27.53
1626554400.0,27.53
1626554700.0,27.53
1626555000.0,27.54
1626555300.0,27.54
1626555600.0,27.54
1626555900.0,27.54
1626556200.0,27.54
1626556500.0,27.54
1626556800.0,27.53
1626557100.0,27.54
1626557400.0,27.54
1626557700.0,27.54
1626558000.0,27.54
1626558300.0,27.54
1626558600.0,27.54
1626558900.0,27.54
1626559200.0,27.55
1626559500.0,27.55
1626559800.0,27.55
1626560100.0,27.54
1626560400.0,27.54
1626560700.0,27.54
1626561000.0,27.55
1626561300.0,27.54
1626561600.0,27.54
1626561900.0,27.54
1626562200.0,27.54
1626562500.0,27.54
1626562800.0,27.55
1626563100.0,27.55
1626563400.0,27.55
1626563700.0,27.54
1626564000.0,27.54
1626564300.0,27.54
1626564600.0,27.54
1626564900.0,27.54
1626565200.0,27.54
1626565500.0,27.54
1626565800.0,27.53
1626566100.0,27.53
1626566400.0,27.53
1626566700.0,27.53
1626567000.0,27.53
1626567300.0,27.53
1626567600.0,27.53
1626567900.0,27.53
1626568200.0,27.53
1626568500.0,27.53
1626568800.0,27.53
1626569100.0,27.53
1626569400.0,27.53
1626569700.0,27.53
1626570000.0,27.52
1626570300.0,27.52
1626570600.0,27.53
1626570900.0,27.53
1626571200.0,27.52
1626571500.0,27.52
1626571800.0,27.52
1626572100.0,27.53
1626572400.0,27.53
1626572700.0,27.53
1626573000.0,27.52
1626573300.0,27.52
1626573600.0,27.52
1626573900.0,27.53
1626574200.0,27.53
1626574500.0,27.53
1626574800.0,27.53
1626575100.0,27.53
1626575400.0,27.53
1626575700.0,27.53
1626576000.0,27.53
1626576300.0,27.53
1626576600.0,27.53
1626576900.0,27.53
1626577200.0,27.53
1626577500.0,27.53
1626577800.0,27.53
1626578100.0,27.53
1626578400.0,27.53
1626578700.0,27.53
1626579000.0,27.53
1626579300.0,27.53
1626579600.0,27.53
1626579900.0,27.53
1626580200.0,27.53
1626580500.0,27.53
1626580800.0,27.53
1626581100.0,27.53
1626581400.0,27.53
1626581700.0,27.53
1626582000.0,27.53
1626582300.0,27.53
1626582600.0,27.53
1626582900.0,27.52
1626583200.0,27.52
1626583500.0,27.53
1626583800.0,27.53
1626584100.0,27.53
1626584400.0,27.53
1626584700.0,27.53
1626585000.0,27.54
1626585300.0,27.54
1626585600.0,27.54
1626585900.0,27.53
1626586200.0,27.52
1626586500.0,27.54
1626586800.0,27.54
1626587100.0,27.54
1626587400.0,27.53
1626587700.0,27.53
1626588000.0,27.53
1626588300.0,27.53
1626588600.0,27.53
1626588900.0,27.53
1626589200.0,27.53
1626589500.0,27.53
1626589800.0,27.53
1626590100.0,27.52
1626590400.0,27.52
1626590700.0,27.53
1626591000.0,27.52
1626591300.0,27.53
1626591600.0,27.52
1626591900.0,27.52
1626592200.0,27.52
1626592500.0,27.52
1626592800.0,27.53
1626593100.0,27.54
1626593400.0,27.52
1626593700.0,27.53
1626594000.0,27.54
1626594300.0,27.54
1626594600.0,27.54
1626594900.0,27.53
1626595200.0,27.54
1626595500.0,27.54
1626595800.0,27.54
1626596100.0,27.53
1626596400.0,27.53
1626596700.0,27.53
1626597000.0,27.53
1626597300.0,27.54
1626597600.0,27.53
1626597900.0,27.53
1626598200.0,27.54
1626598500.0,27.53
1626598800.0,27.53
1626599100.0,27.53
1626599400.0,27.53
1626599700.0,27.53
1626600000.0,27.52
1626600300.0,27.52
1626600600.0,27.53
1626600900.0,27.52
1626601200.0,27.53
1626601500.0,27.53
1626601800.0,27.53
1626602100.0,27.53
1626602400.0,27.53
1626602700.0,27.53
1626603000.0,27.53
1626603300.0,27.53
1626603600.0,27.54
1626603900.0,27.53
1626604200.0,27.53
1626604500.0,27.54
1626604800.0,27.53
1626605100.0,27.54
1626605400.0,27.54
1626605700.0,27.54
1626606000.0,27.53
1626606300.0,27.54
1626606600.0,27.53
1626606900.0,27.54
1626607200.0,27.54
1626607500.0,27.54
1626607800.0,27.53
1626608100.0,27.53
1626608400.0,27.54
1626608700.0,27.54
1626609000.0,27.54
1626609300.0,27.54
1626609600.0,27.54
1626609900.0,27.54
1626610200.0,27.53
1626610500.0,27.54
1626610800.0,27.54
1626611100.0,27.54
1626611400.0,27.53
1626611700.0,27.54
1626612000.0,27.53
1626612300.0,27.54
1626612600.0,27.54
1626612900.0,27.54
1626613200.0,27.54
1626613500.0,27.54
1626613800.0,27.54
1626614100.0,27.54
1626614400.0,27.54
1626614700.0,27.54
1626615000.0,27.54
1626615300.0,27.53
1626615600.0,27.53
1626615900.0,27.54
1626616200.0,27.54
1626616500.0,27.54
1626616800.0,27.54
1626617100.0,27.54
1626617400.0,27.54
1626617700.0,27.54
1626618000.0,27.53
1626618300.0,27.53
1626618600.0,27.53
1626618900.0,27.54
1626619200.0,27.53
1626619500.0,27.53
1626619800.0,27.53
1626620100.0,27.53
1626620400.0,27.53
1626620700.0,27.53
1626621000.0,27.54
1626621300.0,27.53
1626621600.0,27.52
1626621900.0,27.53
1626622200.0,27.53
1626622500.0,27.53
1626622800.0,27.53
1626623100.0,27.53
1626623400.0,27.52
1626623700.0,27.52
1626624000.0,27.52
1626624300.0,27.52
1626624600.0,27.53
1626624900.0,27.53
1626625200.0,27.52
1626625500.0,27.53
1626625800.0,27.53
1626626100.0,27.53
1626626400.0,27.53
1626626700.0,27.53
1626627000.0,27.52
1626627300.0,27.52
1626627600.0,27.52
1626627900.0,27.53
1626628200.0,27.53
1626628500.0,27.52
1626628800.0,27.52
1626629100.0,27.53
1626629400.0,27.52
1626629700.0,27.52
1626630000.0,27.52
1626630300.0,27.53
1626630600.0,27.53
1626630900.0,27.52
1626631200.0,27.53
1626631500.0,27.53
1626631800.0,27.52
1626632100.0,27.53
1626632400.0,27.52
1626632700.0,27.53
1626633000.0,27.52
1626633300.0,27.53
1626633600.0,27.52
1626633900.0,27.52
1626634200.0,27.52
1626634500.0,27.53
1626634800.0,27.52
1626635100.0,27.53
1626635400.0,27.52
1626635700.0,27.52
1626636000.0,27.53
1626636300.0,27.53
1626636600.0,27.53
1626636900.0,27.53
1626637200.0,27.53
1626637500.0,27.53
1626637800.0,27.53
1626638100.0,27.53
1626638400.0,27.53
1626638700.0,27.53
1626639000.0,27.53
1626639300.0,27.53
1626639600.0,27.53
1626639900.0,27.53
1626640200.0,27.53
1626640500.0,27.53
1626640800.0,27.53
1626641100.0,27.53
1626641400.0,27.53
1626641700.0,27.52
1626642000.0,27.53
1626642300.0,27.53
1626642600.0,27.53
1626642900.0,27.53
1626643200.0,27.53
1626643500.0,27.52
1626643800.0,27.52
1626644100.0,27.53
1626644400.0,27.53
1626644700.0,27.53
1626645000.0,27.53
1626645300.0,27.53
1626645600.0,27.54
1626645900.0,27.53
1626646200.0,27.54
1626646500.0,27.54
1626646800.0,27.54
1626647100.0,27.54
1626647400.0,27.55
1626647700.0,27.55
1626648000.0,27.54
1626648300.0,27.55
1626648600.0,27.55
1626648900.0,27.54
1626649200.0,27.54
1626649500.0,27.54
1626649800.0,27.54
1626650100.0,27.54
1626650400.0,27.54
1626650700.0,27.53
1626651000.0,27.53
1626651300.0,27.53
1626651600.0,27.53
1626651900.0,27.53
1626652200.0,27.53
1626652500.0,27.53
1626652800.0,27.54
1626653100.0,27.54
1626653400.0,27.54
1626653700.0,27.54
1626654000.0,27.54
1626654300.0,27.54
1626654600.0,27.54
1626654900.0,27.54
1626655200.0,27.54
1626655500.0,27.53
1626655800.0,27.53
1626656100.0,27.54
1626656400.0,27.55
1626656700.0,27.55
1626657000.0,27.55
1626657300.0,27.55
1626657600.0,27.55
1626657900.0,27.55
1626658200.0,27.53
1626658500.0,27.54
1626658800.0,27.53
1626659100.0,27.53
1626659400.0,27.53
1626659700.0,27.54
1626660000.0,27.54
1626660300.0,27.54
1626660600.0,27.54
1626660900.0,27.54
1626661200.0,27.54
1626661500.0,27.54
1626661800.0,27.53
1626662100.0,27.53
1626662400.0,27.53
1626662700.0,27.53
1626663000.0,27.53
1626663300.0,27.54
1626663600.0,27.54
1626663900.0,27.53
1626664200.0,27.53
1626664500.0,27.53
1626664800.0,27.53
1626665100.0,27.53
1626665400.0,27.53
1626665700.0,27.53
1626666000.0,27.54
1626666300.0,27.53
1626666600.0,27.53
1626666900.0,27.53
1626667200.0,27.53
1626667500.0,27.54
1626667800.0,27.54
1626668100.0,27.53
1626668400.0,27.53
1626668700.0,27.53
1626669000.0,27.52
1626669300.0,27.52
1626669600.0,27.52
1626669900.0,27.52
1626670200.0,27.52
1626670500.0,27.52
1626670800.0,27.52
1626671100.0,27.53
1626671100.0,27.53
1626671400.0,27.53
1626671700.0,27.53
1626672000.0,27.53
1626672300.0,27.52
1626672600.0,27.52
1626672900.0,27.53
1626673200.0,27.52
1626673500.0,27.52
1626673800.0,27.52
1626674100.0,27.52
1626674400.0,27.51
1626674700.0,27.52
1626675000.0,27.53
1626675300.0,27.53
1626675600.0,27.53
1626675900.0,27.53
1626676200.0,27.52
1626676500.0,27.52
1626676800.0,27.52
1626677100.0,27.52
1626677400.0,27.53
1626677700.0,27.53
1626678000.0,27.52
1626678300.0,27.52
1626678600.0,27.52
1626678900.0,27.53
1626679200.0,27.53
1626679500.0,27.53
1626679800.0,27.53
1626680100.0,27.53
1626680400.0,27.53
1626680700.0,27.53
1626681000.0,27.53
1626681300.0,27.52
1626681600.0,27.52
1626681900.0,27.53
1626682200.0,27.53
1626682500.0,27.53
1626682800.0,27.53
1626683100.0,27.53
1626683400.0,27.53
1626683700.0,27.52
1626684000.0,27.53
1626684300.0,27.53
1626684600.0,27.53
1626684900.0,27.53
1626685200.0,27.52
1626685500.0,27.52
1626685800.0,27.53
1626686100.0,27.53
1626686400.0,27.53
1626686700.0,27.51
1626687000.0,27.51
1626687300.0,27.52
1626687600.0,27.53
1626687900.0,27.53
1626688200.0,27.53
1626688500.0,27.52
1626688800.0,27.53
1626689100.0,27.52
1626689400.0,27.53
1626689700.0,27.52
1626690000.0,27.52
1626690300.0,27.52
1626690600.0,27.53
1626690900.0,27.52
1626691200.0,27.52
1626691500.0,27.53
1626691800.0,27.52
1626692100.0,27.52
1626692400.0,27.53
1626692700.0,27.52
1626693000.0,27.52
1626693300.0,27.53
1626693600.0,27.53
1626693900.0,27.52
1626694200.0,27.53
1626694500.0,27.53
1626694800.0,27.52
1626695100.0,27.53
1626695400.0,27.53
1626695700.0,27.53
1626696000.0,27.54
1626696300.0,27.54
1626696600.0,27.54
1626696900.0,27.54
1626697200.0,27.54
1626697500.0,27.5
1626697800.0,27.54
1626698100.0,27.54
1626698400.0,27.54
1626698700.0,27.54
1626699000.0,27.54
1626699300.0,27.55
1626699600.0,27.55
1626699900.0,27.54
1626700200.0,27.55
1626700500.0,27.54
1626700800.0,27.54
1626701100.0,27.55
1626701400.0,27.54
1626701700.0,27.54
1626702000.0,27.55
1626702300.0,27.55
1626702600.0,27.55
1626702900.0,27.55
1626703200.0,27.54
1626703500.0,27.53
1626703800.0,27.53
1626704100.0,27.54
1626704400.0,27.54
1626704700.0,27.53
1626705000.0,27.53
1626705300.0,27.54
1626705600.0,27.54
1626705900.0,27.53
1626706200.0,27.54
1626706500.0,27.54
1626706800.0,27.54
1626707100.0,27.53
1626707400.0,27.53
1626707700.0,27.53
1626708000.0,27.53
1626708300.0,27.53
1626708600.0,27.54
1626708900.0,27.54
1626709200.0,27.53
1626709500.0,27.54
1626709800.0,27.54
1626710100.0,27.54
1626710400.0,27.54
1626710700.0,27.54
1626711000.0,27.53
1626711300.0,27.53
1626711600.0,27.53
1626711900.0,27.53
1626712200.0,27.54
1626712500.0,27.54
1626712800.0,27.54
1626713100.0,27.54
1626713400.0,27.54
1626713700.0,27.54
1626714000.0,27.53
1626714300.0,27.54
1626714600.0,27.54
1626714900.0,27.53
1626715200.0,27.53
1626715500.0,27.54
1626715800.0,27.54
1626716100.0,27.54
1626716400.0,27.53
1626716700.0,27.54
1626717000.0,27.54
1626717300.0,27.54
1626717600.0,27.54
1626717900.0,27.54
1626718200.0,27.53
1626718500.0,27.54
1626718800.0,27.54
1626719100.0,27.53
1626719400.0,27.53
1626719700.0,27.52
1626720000.0,27.52
1626720300.0,27.52
1626720600.0,27.53
1626720900.0,27.53
1626721200.0,27.53
1626721500.0,27.53
1626721800.0,27.54
1626722100.0,27.54
1626722400.0,27.54
1626722700.0,27.54
1626723000.0,27.55
1626723300.0,27.55
1626723600.0,27.56
1626723900.0,27.55
1626724200.0,27.54
1626724500.0,27.54
1626724800.0,27.55
1626725100.0,27.54
1626725400.0,27.54
1626725700.0,27.55
1626726000.0,27.55
1626726300.0,27.55
1626726600.0,27.54
1626726900.0,27.55
1626727200.0,27.54
1626727500.0,27.54
1626727800.0,27.54
1626728100.0,27.54
1626728400.0,27.53
1626728700.0,27.54
1626729000.0,27.53
1626729300.0,27.53
1626729600.0,27.53
1626729900.0,27.54
1626730200.0,27.53
1626730500.0,27.52
1626730800.0,27.49
1626731100.0,27.49
1626731400.0,27.51
1626731700.0,27.51
1626732000.0,27.51
1626732300.0,27.51
1626732600.0,27.51
1626732900.0,27.51
1626733200.0,27.51
1626733500.0,27.49
1626733800.0,27.5
1626734100.0,27.49
1626734400.0,27.49
1626734700.0,27.49
1626735000.0,27.5
1626735300.0,27.5
1626735600.0,27.49
1626735900.0,27.49
1626736200.0,27.5
1626736500.0,27.47
1626736800.0,27.49
1626737100.0,27.47
1626737400.0,27.47
1626737700.0,27.47
1626738000.0,27.47
1626738300.0,27.47
1626738600.0,27.47
1626738900.0,27.47
1626739200.0,27.5
1626739500.0,27.5
1626739800.0,27.5
1626740100.0,27.5
1626740400.0,27.48
1626740700.0,27.48
1626741000.0,27.48
1626741300.0,27.48
1626741600.0,27.5
1626741900.0,27.5
1626742200.0,27.5
1626742500.0,27.5
1626742800.0,27.5
1626743100.0,27.5
1626743400.0,27.48
1626743700.0,27.49
1626744000.0,27.49
1626744300.0,27.49
1626744600.0,27.49
1626744900.0,27.49
1626745200.0,27.47
1626745500.0,27.47
1626745800.0,27.47
1626746100.0,27.47
1626746400.0,27.47
1626746700.0,27.47
1626747000.0,27.47
1626747300.0,27.47
1626747600.0,27.49
1626747900.0,27.47
1626748200.0,27.49
1626748500.0,27.49
1626748800.0,27.49
1626749100.0,27.47
1626749400.0,27.49
1626749700.0,27.49
1626750000.0,27.5
1626750300.0,27.5
1626750600.0,27.5
1626750900.0,27.5
1626751200.0,27.48
1626751500.0,27.48
1626751800.0,27.49
1626752100.0,27.49
1626752400.0,27.49
1626752700.0,27.49
1626753000.0,27.48
1626753300.0,27.49
1626753600.0,27.48
1626753900.0,27.49
1626754200.0,27.49
1626754500.0,27.49
1626754800.0,27.48
1626755100.0,27.49
1626755400.0,27.49
1626755700.0,27.49
1626756000.0,27.47
1626756300.0,27.48
1626756600.0,27.49
1626756900.0,27.49
1626757200.0,27.5
1626757500.0,27.5
1626757800.0,27.5
1626758100.0,27.5
1626758400.0,27.5
1626758700.0,27.5
1626759000.0,27.5
1626759300.0,27.49
1626759600.0,27.5
1626759900.0,27.5
1626760200.0,27.5
1626760500.0,27.5
1626760800.0,27.5
1626761100.0,27.5
1626761400.0,27.49
1626761700.0,27.5
1626762000.0,27.54
1626762300.0,27.53
1626762600.0,27.52
1626762900.0,27.53
1626763200.0,27.52
1626763500.0,27.51
1626763800.0,27.5
1626764100.0,27.49
1626764400.0,27.5
1626764700.0,27.5
1626765000.0,27.5
1626765300.0,27.5
1626765600.0,27.5
1626765900.0,27.49
1626766200.0,27.5
1626766500.0,27.5
1626766800.0,27.5
1626767100.0,27.5
1626767400.0,27.5
1626767700.0,27.5
1626768000.0,27.5
1626768300.0,27.5
1626768600.0,27.49
1626768900.0,27.49
1626769200.0,27.5
1626769500.0,27.5
1626769800.0,27.5
1626770100.0,27.5
1626770400.0,27.49
1626770700.0,27.49
1626771000.0,27.48
1626771300.0,27.49
1626771600.0,27.54
1626771900.0,27.48
1626772200.0,27.48
1626772500.0,27.48
1626772800.0,27.52
1626773100.0,27.48
1626773400.0,27.5
1626773700.0,27.5
1626774000.0,27.58
1626774300.0,27.51
1626774600.0,27.51
1626774900.0,27.5
1626775200.0,27.5
1626775500.0,27.52
1626775800.0,27.5
1626776100.0,27.5
1626776400.0,27.5
1626776700.0,27.51
1626777000.0,27.53
1626777300.0,27.52
1626777600.0,27.5
1626777900.0,27.54
1626778200.0,27.52
1626778500.0,27.52
1626778800.0,27.51
1626779100.0,27.52
1626779400.0,27.52
1626779700.0,27.51
1626780000.0,27.51
1626780300.0,27.52
1626780600.0,27.53
1626780900.0,27.51
1626781200.0,27.52
1626781500.0,27.53
1626781800.0,27.54
1626782100.0,27.54
1626782400.0,27.54
1626782700.0,27.57
1626783000.0,27.55
1626783300.0,27.55
1626783600.0,27.54
1626783900.0,27.53
1626784200.0,27.54
1626784500.0,27.54
1626784800.0,27.54
1626785100.0,27.53
1626785400.0,27.54
1626785700.0,27.55
1626786000.0,27.55
1626786300.0,27.55
1626786600.0,27.54
1626786900.0,27.54
1626787200.0,27.53
1626787500.0,27.53
1626787800.0,27.54
1626788100.0,27.54
1626788400.0,27.53
1626788700.0,27.55
1626789000.0,27.55
1626789300.0,27.54
1626789600.0,27.54
1626789900.0,27.54
1626790200.0,27.54
1626790500.0,27.58
1626790800.0,27.53
1626791100.0,27.54
1626791400.0,27.55
1626791700.0,27.56
1626792000.0,27.51
1626792300.0,27.52
1626792600.0,27.52
1626792900.0,27.52
1626793200.0,27.54
1626793500.0,27.5
1626793800.0,27.52
1626794100.0,27.53
1626794400.0,27.55
1626794700.0,27.55
1626795000.0,27.54
1626795300.0,27.55
1626795600.0,27.55
1626795900.0,27.55
1626796200.0,27.55
1626796500.0,27.55
1626796800.0,27.55
1626797100.0,27.55
1626797400.0,27.54
1626797700.0,27.55
1626798000.0,27.55
1626798300.0,27.55
1626798600.0,27.55
1626798900.0,27.54
1626799200.0,27.54
1626799500.0,27.55
1626799800.0,27.55
1626800100.0,27.54
1626800400.0,27.55
1626800700.0,27.54
1626801000.0,27.52
1626801300.0,27.53
1626801600.0,27.54
1626801900.0,27.53
1626802200.0,27.54
1626802500.0,27.54
1626802800.0,27.54
1626803100.0,27.54
1626803400.0,27.55
1626803700.0,27.55
1626804000.0,27.55
1626804300.0,27.55
1626804600.0,27.55
1626804900.0,27.55
1626805200.0,27.55
1626805500.0,27.55
1626805800.0,27.55
1626806100.0,27.55
1626806400.0,27.55
1626806700.0,27.58
1626807000.0,27.56
1626807300.0,27.56
1626807600.0,27.59
1626807900.0,27.59
1626808200.0,27.58
1626808500.0,27.58
1626808800.0,27.58
1626809100.0,27.58
1626809400.0,27.58
1626809700.0,27.58
1626810000.0,27.58
1626810300.0,27.58
1626810600.0,27.58
1626810900.0,27.57
1626811200.0,27.57
1626811500.0,27.58
1626811800.0,27.58
1626812100.0,27.55
1626812400.0,27.53
1626812700.0,27.56
1626813000.0,27.56
1626813300.0,27.56
1626813600.0,27.56
1626813900.0,27.55
1626814200.0,27.56
1626814500.0,27.55
1626814800.0,27.56
1626815100.0,27.58
1626815400.0,27.57
1626815700.0,27.58
1626816000.0,27.58
1626816300.0,27.58
1626816600.0,27.57
1626816900.0,27.56
1626817200.0,27.56
1626817500.0,27.56
1626817800.0,27.56
1626818100.0,27.56
1626818400.0,27.55
1626818700.0,27.55
1626819000.0,27.55
1626819300.0,27.55
1626819600.0,27.56
1626819900.0,27.56
1626820200.0,27.56
1626820500.0,27.56
1626820800.0,27.56
1626820800.0,27.56
1626821100.0,27.56
1626821400.0,27.56
1626821700.0,27.56
1626822000.0,27.56
1626822300.0,27.56
1626822600.0,27.56
1626822900.0,27.56
1626823200.0,27.56
1626823500.0,27.56
1626823800.0,27.58
1626824100.0,27.59
1626824400.0,27.59
1626824700.0,27.59
1626825000.0,27.59
1626825300.0,27.59
1626825600.0,27.59
1626825900.0,27.59
1626826200.0,27.59
1626826500.0,27.59
1626826800.0,27.58
1626827100.0,27.57
1626827400.0,27.57
1626827700.0,27.57
1626828000.0,27.56
1626828300.0,27.56
1626828600.0,27.56
1626828900.0,27.56
1626829200.0,27.56
1626829500.0,27.56
1626829800.0,27.56
1626830100.0,27.55
1626830400.0,27.55
1626830700.0,27.55
1626831000.0,27.55
1626831300.0,27.55
1626831600.0,27.55
1626831900.0,27.55
1626832200.0,27.55
1626832500.0,27.55
1626832800.0,27.55
1626833100.0,27.55
1626833400.0,27.55
1626833700.0,27.55
1626834000.0,27.55
1626834300.0,27.55
1626834600.0,27.55
1626834900.0,27.55
1626835200.0,27.54
1626835500.0,27.54
1626835800.0,27.54
1626836100.0,27.54
1626836400.0,27.54
1626836700.0,27.54
1626837000.0,27.54
1626837300.0,27.54
1626837600.0,27.54
1626837900.0,27.54
1626838200.0,27.54
1626838500.0,27.54
1626838800.0,27.55
1626839100.0,27.57
1626839400.0,27.57
1626839700.0,27.57
1626840000.0,27.57
1626840300.0,27.58
1626840600.0,27.57
1626840900.0,27.56
1626841200.0,27.55
1626841500.0,27.55
1626841800.0,27.56
1626842100.0,27.55
1626842400.0,27.55
1626842700.0,27.56
1626843000.0,27.56
1626843300.0,27.56
1626843600.0,27.56
1626843900.0,27.55
1626844200.0,27.56
1626844500.0,27.56
1626844800.0,27.56
1626845100.0,27.56
1626845400.0,27.55
1626845700.0,27.56
1626846000.0,27.55
1626846300.0,27.56
1626846600.0,27.55
1626846900.0,27.55
1626847200.0,27.56
1626847500.0,27.56
1626847800.0,27.56
1626848100.0,27.55
1626848400.0,27.56
1626848700.0,27.56
1626849000.0,27.55
1626849300.0,27.55
1626849600.0,27.56
1626849900.0,27.56
1626850200.0,27.56
1626850500.0,27.56
1626850800.0,27.56
1626851100.0,27.55
1626851400.0,27.56
1626851700.0,27.56
1626852000.0,27.56
1626852300.0,27.55
1626852600.0,27.56
1626852900.0,27.56
1626853200.0,27.56
1626853500.0,27.56
1626853800.0,27.55
1626854100.0,27.56
1626854400.0,27.56
1626854700.0,27.56
1626855000.0,27.56
1626855300.0,27.55
1626855600.0,27.55
1626855900.0,27.55
1626856200.0,27.56
1626856500.0,27.55
1626856800.0,27.56
1626857100.0,27.55
1626857400.0,27.56
1626857700.0,27.56
1626858000.0,27.56
1626858300.0,27.55
1626858600.0,27.55
1626858900.0,27.55
1626859200.0,27.55
1626859500.0,27.55
1626859800.0,27.55
1626860100.0,27.54
1626860400.0,27.54
1626860700.0,27.54
1626861000.0,27.54
1626861300.0,27.55
1626861600.0,27.54
1626861900.0,27.55
1626862200.0,27.55
1626862500.0,27.56
1626862800.0,27.56
1626863100.0,27.55
1626863400.0,27.55
1626863700.0,27.55
1626864000.0,27.55
1626864300.0,27.56
1626864600.0,27.56
1626864900.0,27.56
1626865200.0,27.56
1626865500.0,27.56
1626865800.0,27.55
1626866100.0,27.55
1626866400.0,27.57
1626866700.0,27.57
1626867000.0,27.56
1626867300.0,27.56
1626867600.0,27.55
1626867900.0,27.56
1626868200.0,27.56
1626868500.0,27.56
1626868800.0,27.57
1626869100.0,27.56
1626869400.0,27.57
1626869700.0,27.57
1626870000.0,27.57
1626870300.0,27.57
1626870600.0,27.57
1626870900.0,27.57
1626871200.0,27.57
1626871500.0,27.56
1626871800.0,27.57
1626872100.0,27.57
1626872400.0,27.57
1626872700.0,27.56
1626873000.0,27.57
1626873300.0,27.57
1626873600.0,27.57
1626873900.0,27.56
1626874200.0,27.57
1626874500.0,27.57
1626874800.0,27.57
1626875100.0,27.57
1626875400.0,27.57
1626875700.0,27.57
1626876000.0,27.56
1626876300.0,27.56
1626876600.0,27.56
1626876900.0,27.56
1626877200.0,27.56
1626877500.0,27.57
1626877800.0,27.57
1626878100.0,27.57
1626878400.0,27.57
1626878700.0,27.57
1626879000.0,27.57
1626879300.0,27.57
1626879600.0,27.57
1626879900.0,27.57
1626880200.0,27.56
1626880500.0,27.56
1626880800.0,27.56
1626881100.0,27.57
1626881400.0,27.56
1626881700.0,27.56
1626882000.0,27.57
1626882300.0,27.56
1626882600.0,27.55
1626882900.0,27.56
1626883200.0,27.56
1626883500.0,27.56
1626883800.0,27.56
1626884100.0,27.55
1626884400.0,27.55
1626884700.0,27.56
1626885000.0,27.56
1626885300.0,27.56
1626885600.0,27.56
1626885900.0,27.55
1626886200.0,27.55
1626886500.0,27.55
1626886800.0,27.56
1626887100.0,27.56
1626887400.0,27.56
1626887700.0,27.56
1626888000.0,27.55
1626888300.0,27.56
1626888600.0,27.55
1626888900.0,27.56
1626889200.0,27.55
1626889500.0,27.56
1626889800.0,27.55
1626890100.0,27.55
1626890400.0,27.56
1626890700.0,27.56
1626891000.0,27.55
1626891300.0,27.56
1626891600.0,27.56
1626891900.0,27.56
1626892200.0,27.56
1626892500.0,27.56
1626892800.0,27.55
1626893100.0,27.55
1626893400.0,27.54
1626893700.0,27.56
1626894000.0,27.56
1626894300.0,27.56
1626894600.0,27.55
1626894900.0,27.55
1626895200.0,27.54
1626895500.0,27.55
1626895800.0,27.55
1626896100.0,27.54
1626896400.0,27.54
1626896700.0,27.54
1626897000.0,27.55
1626897300.0,27.55
1626897600.0,27.55
1626897900.0,27.55
1626898200.0,27.54
1626898500.0,27.53
1626898800.0,27.55
1626899100.0,27.53
1626899400.0,27.53
1626899700.0,27.55
1626900000.0,27.55
1626900300.0,27.55
1626900600.0,27.54
1626900900.0,27.54
1626901200.0,27.54
1626901500.0,27.55
1626901800.0,27.55
1626902100.0,27.58
1626902400.0,27.57
1626902700.0,27.57
1626903000.0,27.57
1626903300.0,27.56
1626903600.0,27.56
1626903900.0,27.56
1626904200.0,27.55
1626904500.0,27.56
1626904800.0,27.56
1626905100.0,27.56
1626905400.0,27.56
1626905700.0,27.55
1626906000.0,27.56
1626906300.0,27.56
1626906600.0,27.55
1626906900.0,27.56
1626907200.0,27.56
1626907500.0,27.56
1626907800.0,27.58
1626908100.0,27.58
1626908400.0,27.58
1626908700.0,27.58
1626909000.0,27.58
1626909300.0,27.58
1626909600.0,27.58
1626909900.0,27.58
1626910200.0,27.58
1626910500.0,27.58
1626910800.0,27.57
1626911100.0,27.58
1626911400.0,27.58
1626911700.0,27.57
1626912000.0,27.57
1626912300.0,27.58
1626912600.0,27.58
1626912900.0,27.58
1626913200.0,27.58
1626913500.0,27.58
1626913800.0,27.58
1626914100.0,27.58
1626914400.0,27.58
1626914700.0,27.58
1626915000.0,27.59
1626915300.0,27.59
1626915600.0,27.58
1626915900.0,27.58
1626916200.0,27.58
1626916500.0,27.58
1626916800.0,27.58
1626917100.0,27.57
1626917400.0,27.57
1626917700.0,27.57
1626918000.0,27.57
1626918300.0,27.57
1626918600.0,27.58
1626918900.0,27.58
1626919200.0,27.58
1626919500.0,27.58
1626919800.0,27.58
1626920100.0,27.58
1626920400.0,27.57
1626920700.0,27.57
1626921000.0,27.53
1626921300.0,27.52
1626921600.0,27.52
1626921900.0,27.52
1626922200.0,27.52
1626922500.0,27.52
1626922800.0,27.52
1626923100.0,27.52
1626923400.0,27.51
1626923700.0,27.51
1626924000.0,27.51
1626924300.0,27.51
1626924600.0,27.5
1626924900.0,27.51
1626925200.0,27.51
1626925500.0,27.51
1626925800.0,27.5
1626926100.0,27.5
1626926400.0,27.5
1626926700.0,27.5
1626927000.0,27.5
1626927300.0,27.5
1626927600.0,27.5
1626927900.0,27.5
1626928200.0,27.5
1626928500.0,27.5
1626928800.0,27.5
1626929100.0,27.49
1626929400.0,27.48
1626929700.0,27.47
1626930000.0,27.47
1626930300.0,27.48
1626930600.0,27.49
1626930900.0,27.47
1626931200.0,27.47
1626931500.0,27.46
1626931800.0,27.49
1626932100.0,27.5
1626932400.0,27.51
1626932700.0,27.52
1626933000.0,27.52
1626933300.0,27.51
1626933600.0,27.52
1626933900.0,27.51
1626934200.0,27.51
1626934500.0,27.52
1626934800.0,27.53
1626935100.0,27.52
1626935400.0,27.53
1626935700.0,27.52
1626936000.0,27.53
1626936300.0,27.52
1626936600.0,27.52
1626936900.0,27.52
1626937200.0,27.52
1626937500.0,27.52
1626937800.0,27.52
1626938100.0,27.52
1626938400.0,27.52
1626938700.0,27.52
1626939000.0,27.51
1626939300.0,27.51
1626939600.0,27.51
1626939900.0,27.47
1626940200.0,27.49
1626940500.0,27.5
1626940800.0,27.5
1626941100.0,27.51
1626941400.0,27.51
1626941700.0,27.5
1626942000.0,27.5
1626942300.0,27.49
1626942600.0,27.5
1626942900.0,27.5
1626943200.0,27.5
1626943500.0,27.5
1626943800.0,27.5
1626944100.0,27.51
1626944400.0,27.5
1626944700.0,27.51
1626945000.0,27.51
1626945300.0,27.52
1626945600.0,27.53
1626945900.0,27.53
1626946200.0,27.52
1626946500.0,27.53
1626946800.0,27.52
1626947100.0,27.52
1626947400.0,27.53
1626947700.0,27.52
1626948000.0,27.53
1626948300.0,27.52
1626948600.0,27.53
1626948900.0,27.53
1626949200.0,27.53
1626949500.0,27.53
1626949800.0,27.53
1626950100.0,27.53
1626950400.0,27.52
1626950700.0,27.52
1626951000.0,27.51
1626951300.0,27.51
1626951600.0,27.52
1626951900.0,27.52
1626952200.0,27.52
1626952500.0,27.53
1626952800.0,27.52
1626953100.0,27.52
1626953400.0,27.53
1626953700.0,27.53
1626954000.0,27.53
1626954300.0,27.52
1626954600.0,27.53
1626954900.0,27.52
1626955200.0,27.52
1626955500.0,27.52
1626955800.0,27.53
1626956100.0,27.52
1626956400.0,27.52
1626956700.0,27.52
1626957000.0,27.52
1626957300.0,27.52
1626957600.0,27.52
1626957900.0,27.52
1626958200.0,27.53
1626958500.0,27.52
1626958800.0,27.52
1626959100.0,27.52
1626959400.0,27.52
1626959700.0,27.52
1626960000.0,27.52
1626960300.0,27.51
1626960600.0,27.51
1626960900.0,27.5
1626961200.0,27.49
1626961500.0,27.48
1626961800.0,27.5
1626962100.0,27.51
1626962400.0,27.51
1626962700.0,27.5
1626963000.0,27.51
1626963300.0,27.48
1626963600.0,27.5
1626963900.0,27.51
1626964200.0,27.51
1626964500.0,27.5
1626964800.0,27.51
1626965100.0,27.49
1626965400.0,27.5
1626965700.0,27.5
1626966000.0,27.51
1626966300.0,27.5
1626966600.0,27.51
1626966900.0,27.51
1626967200.0,27.5
1626967500.0,27.5
1626967800.0,27.5
1626968100.0,27.5
1626968400.0,27.51
1626968700.0,27.5
1626969000.0,27.5
1626969300.0,27.51
1626969600.0,27.51
1626969900.0,27.5
1626970200.0,27.51
1626970500.0,27.51
1626970500.0,27.51
1626970800.0,27.5
1626971100.0,27.51
1626971400.0,27.5
1626971700.0,27.5
1626972000.0,27.5
1626972300.0,27.5
1626972600.0,27.5
1626972900.0,27.5
1626973200.0,27.5
1626973500.0,27.5
1626973800.0,27.51
1626974100.0,27.51
1626974400.0,27.5
1626974700.0,27.51
1626975000.0,27.5
1626975300.0,27.5
1626975600.0,27.52
1626975900.0,27.52
1626976200.0,27.51
1626976500.0,27.52
1626976800.0,27.51
1626977100.0,27.51
1626977400.0,27.51
1626977700.0,27.51
1626978000.0,27.5
1626978300.0,27.5
1626978600.0,27.51
1626978900.0,27.5
1626979200.0,27.51
1626979500.0,27.5
1626979800.0,27.51
1626980100.0,27.51
1626980400.0,27.5
1626980700.0,27.5
1626981000.0,27.51
1626981300.0,27.51
1626981600.0,27.5
1626981900.0,27.5
1626982200.0,27.5
1626982500.0,27.51
1626982800.0,27.51
1626983100.0,27.51
1626983400.0,27.51
1626983700.0,27.5
1626984000.0,27.51
1626984300.0,27.51
1626984600.0,27.51
1626984900.0,27.51
1626985200.0,27.5
1626985500.0,27.51
1626985800.0,27.5
1626986100.0,27.5
1626986400.0,27.5
1626986700.0,27.5
1626987000.0,27.5
1626987300.0,27.49
1626987600.0,27.5
1626987900.0,27.5
1626988200.0,27.5
1626988500.0,27.5
1626988800.0,27.49
1626989100.0,27.49
1626989400.0,27.49
1626989700.0,27.49
1626990000.0,27.49
1626990300.0,27.5
1626990600.0,27.5
1626990900.0,27.5
1626991200.0,27.5
1626991500.0,27.5
1626991800.0,27.5
1626992100.0,27.5
1626992400.0,27.49
1626992700.0,27.5
1626993000.0,27.5
1626993300.0,27.5
1626993600.0,27.5
1626993900.0,27.5
1626994200.0,27.5
1626994500.0,27.5
1626994800.0,27.49
1626995100.0,27.5
1626995400.0,27.5
1626995700.0,27.5
1626996000.0,27.49
1626996300.0,27.5
1626996600.0,27.5
1626996900.0,27.49
1626997200.0,27.5
1626997500.0,27.5
1626997800.0,27.5
1626998100.0,27.5
1626998400.0,27.5
1626998700.0,27.5
1626999000.0,27.5
1626999300.0,27.5
1626999600.0,27.5
1626999900.0,27.5
1627000200.0,27.5
1627000500.0,27.49
1627000800.0,27.49
1627001100.0,27.49
1627001400.0,27.49
1627001700.0,27.49
1627002000.0,27.49
1627002300.0,27.49
1627002600.0,27.49
1627002900.0,27.49
1627003200.0,27.5
1627003500.0,27.5
1627003800.0,27.5
1627004100.0,27.5
1627004400.0,27.5
1627004700.0,27.5
1627005000.0,27.51
1627005300.0,27.51
1627005600.0,27.51
1627005900.0,27.51
1627006200.0,27.51
1627006500.0,27.51
1627006800.0,27.52
1627007100.0,27.52
1627007400.0,27.52
1627007700.0,27.52
1627008000.0,27.52
1627008300.0,27.52
1627008600.0,27.52
1627008900.0,27.52
1627009200.0,27.52
1627009500.0,27.51
1627009800.0,27.51
1627010100.0,27.51
1627010400.0,27.51
1627010700.0,27.51
1627011000.0,27.51
1627011300.0,27.51
1627011600.0,27.52
1627011900.0,27.52
1627012200.0,27.52
1627012500.0,27.52
1627012800.0,27.52
1627013100.0,27.52
1627013400.0,27.52
1627013700.0,27.52
1627014000.0,27.52
1627014300.0,27.52
1627014600.0,27.53
1627014900.0,27.52
1627015200.0,27.52
1627015500.0,27.52
1627015800.0,27.52
1627016100.0,27.52
1627016400.0,27.52
1627016700.0,27.53
1627017000.0,27.53
1627017300.0,27.52
1627017600.0,27.52
1627017900.0,27.53
1627018200.0,27.53
1627018500.0,27.53
1627018800.0,27.52
1627019100.0,27.53
1627019400.0,27.53
1627019700.0,27.53
1627020000.0,27.52
1627020300.0,27.52
1627020600.0,27.52
1627020900.0,27.52
1627021200.0,27.52
1627021500.0,27.53
1627021800.0,27.52
1627022100.0,27.53
1627022400.0,27.53
1627022700.0,27.53
1627023000.0,27.52
1627023300.0,27.54
1627023600.0,27.52
1627023900.0,27.53
1627024200.0,27.54
1627024500.0,27.53
1627024800.0,27.52
1627025100.0,27.53
1627025400.0,27.52
1627025700.0,27.53
1627026000.0,27.53
1627026300.0,27.53
1627026600.0,27.53
1627026900.0,27.53
1627027200.0,27.52
1627027500.0,27.52
1627027800.0,27.53
1627028100.0,27.52
1627028400.0,27.52
1627028700.0,27.52
1627029000.0,27.51
1627029300.0,27.51
1627029600.0,27.5
1627029900.0,27.51
1627030200.0,27.5
1627030500.0,27.51
1627030800.0,27.5
1627031100.0,27.49
1627031400.0,27.49
1627031700.0,27.51
1627032000.0,27.51
1627032300.0,27.51
1627032600.0,27.5
1627032900.0,27.51
1627033200.0,27.51
1627033500.0,27.51
1627033800.0,27.5
1627034100.0,27.51
1627034400.0,27.52
1627034700.0,27.53
1627035000.0,27.53
1627035300.0,27.5
1627035600.0,27.51
1627035900.0,27.53
1627036200.0,27.53
1627036500.0,27.52
1627036800.0,27.51
1627037100.0,27.5
1627037400.0,27.5
1627037700.0,27.51
1627038000.0,27.5
1627038300.0,27.5
1627038600.0,27.51
1627038900.0,27.51
1627039200.0,27.53
1627039500.0,27.52
1627039800.0,27.53
1627040100.0,27.51
1627040400.0,27.52
1627040700.0,27.53
1627041000.0,27.52
1627041300.0,27.53
1627041600.0,27.52
1627041900.0,27.52
1627042200.0,27.53
1627042500.0,27.53
1627042800.0,27.53
1627043100.0,27.52
1627043400.0,27.53
1627043700.0,27.53
1627044000.0,27.53
1627044300.0,27.51
1627044600.0,27.51
1627044900.0,27.51
1627045200.0,27.51
1627045500.0,27.52
1627045800.0,27.52
1627046100.0,27.52
1627046400.0,27.52
1627046700.0,27.52
1627047000.0,27.51
1627047300.0,27.5
1627047600.0,27.51
1627047900.0,27.49
1627048200.0,27.51
1627048500.0,27.51
1627048800.0,27.52
1627049100.0,27.51
1627049400.0,27.52
1627049700.0,27.51
1627050000.0,27.51
1627050300.0,27.52
1627050600.0,27.51
1627050900.0,27.51
1627051200.0,27.51
1627051500.0,27.52
1627051800.0,27.52
1627052100.0,27.52
1627052400.0,27.53
1627052700.0,27.53
1627053000.0,27.52
1627053300.0,27.51
1627053600.0,27.51
1627053900.0,27.51
1627054200.0,27.51
1627054500.0,27.5
1627054800.0,27.53
1627055100.0,27.53
1627055400.0,27.51
1627055700.0,27.53
1627056000.0,27.53
1627056300.0,27.53
1627056600.0,27.52
1627056900.0,27.53
1627057200.0,27.53
1627057500.0,27.51
1627057800.0,27.52
1627058100.0,27.52
1627058400.0,27.53
1627058700.0,27.52
1627059000.0,27.52
1627059300.0,27.53
1627059600.0,27.53
1627059900.0,27.52
1627060200.0,27.52
1627060500.0,27.51
1627060800.0,27.52
1627061100.0,27.52
1627061400.0,27.52
1627061700.0,27.52
1627062000.0,27.51
1627062300.0,27.52
1627062600.0,27.51
1627062900.0,27.52
1627063200.0,27.51
1627063500.0,27.52
1627063800.0,27.52
1627064100.0,27.52
1627064400.0,27.51
1627064700.0,27.53
1627065000.0,27.53
1627065300.0,27.54
1627065600.0,27.54
1627065900.0,27.52
1627066200.0,27.52
1627066500.0,27.53
1627066800.0,27.53
1627067100.0,27.53
1627067400.0,27.54
1627067700.0,27.5
1627068000.0,27.51
1627068300.0,27.52
1627068600.0,27.51
1627068900.0,27.51
1627069200.0,27.51
1627069500.0,27.51
1627069800.0,27.5
1627070100.0,27.51
1627070400.0,27.51
1627070700.0,27.51
1627071000.0,27.51
1627071300.0,27.51
1627071600.0,27.51
1627071900.0,27.5
1627072200.0,27.51
1627072500.0,27.51
1627072800.0,27.5
1627073100.0,27.52
1627073400.0,27.52
1627073700.0,27.52
1627074000.0,27.52
1627074300.0,27.52
1627074600.0,27.51
1627074900.0,27.51
1627075200.0,27.51
1627075500.0,27.51
1627075800.0,27.52
1627076100.0,27.52
1627076400.0,27.52
1627076700.0,27.52
1627077000.0,27.51
1627077300.0,27.52
1627077600.0,27.52
1627077900.0,27.53
1627078200.0,27.52
1627078500.0,27.52
1627078800.0,27.52
1627079100.0,27.52
1627079400.0,27.52
1627079700.0,27.52
1627080000.0,27.52
1627080300.0,27.53
1627080600.0,27.53
1627080900.0,27.52
1627081200.0,27.53
1627081500.0,27.53
1627081800.0,27.52
1627082100.0,27.53
1627082400.0,27.53
1627082700.0,27.53
1627083000.0,27.53
1627083300.0,27.53
1627083600.0,27.52
1627083900.0,27.53
1627084200.0,27.53
1627084500.0,27.53
1627084800.0,27.53
1627085100.0,27.53
1627085400.0,27.53
1627085700.0,27.53
1627086000.0,27.53
1627086300.0,27.53
1627086600.0,27.53
1627086900.0,27.52
1627087200.0,27.52
1627087500.0,27.53
1627087800.0,27.53
1627088100.0,27.54
1627088400.0,27.54
1627088700.0,27.54
1627089000.0,27.54
1627089300.0,27.54
1627089600.0,27.54
1627089900.0,27.54
1627090200.0,27.54
1627090500.0,27.54
1627090800.0,27.53
1627091100.0,27.53
1627091400.0,27.53
1627091700.0,27.52
1627092000.0,27.52
1627092300.0,27.52
1627092600.0,27.52
1627092900.0,27.53
1627093200.0,27.53
1627093500.0,27.53
1627093800.0,27.53
1627094100.0,27.53
1627094400.0,27.53
1627094700.0,27.53
1627095000.0,27.53
1627095300.0,27.53
1627095600.0,27.53
1627095900.0,27.53
1627096200.0,27.53
1627096500.0,27.53
1627096800.0,27.53
1627097100.0,27.53
1627097400.0,27.52
1627097700.0,27.53
1627098000.0,27.53
1627098300.0,27.53
1627098600.0,27.53
1627098900.0,27.53
1627099200.0,27.53
1627099500.0,27.52
1627099800.0,27.52
1627100100.0,27.5
1627100400.0,27.5
1627100700.0,27.49
1627101000.0,27.49
1627101300.0,27.5
1627101600.0,27.5
1627101900.0,27.51
1627102200.0,27.51
1627102500.0,27.51
1627102800.0,27.52
1627103100.0,27.51
1627103400.0,27.51
1627103700.0,27.5
1627104000.0,27.51
1627104300.0,27.51
1627104600.0,27.51
1627104900.0,27.51
1627105200.0,27.51
1627105500.0,27.51
1627105800.0,27.51
1627106100.0,27.51
1627106400.0,27.5
1627106700.0,27.51
1627107000.0,27.51
1627107300.0,27.51
1627107600.0,27.52
1627107900.0,27.52
1627108200.0,27.52
1627108500.0,27.51
1627108800.0,27.52
1627109100.0,27.52
1627109400.0,27.52
1627109700.0,27.51
1627110000.0,27.52
1627110300.0,27.51
1627110600.0,27.52
1627110900.0,27.52
1627111200.0,27.52
1627111500.0,27.52
1627111800.0,27.51
1627112100.0,27.52
1627112400.0,27.52
1627112700.0,27.52
1627113000.0,27.51
1627113300.0,27.52
1627113600.0,27.52
1627113900.0,27.51
1627114200.0,27.52
1627114500.0,27.52
1627114800.0,27.52
1627115100.0,27.52
1627115400.0,27.52
1627115700.0,27.52
1627116000.0,27.52
1627116300.0,27.52
1627116600.0,27.53
1627116900.0,27.52
1627117200.0,27.52
1627117500.0,27.53
1627117800.0,27.53
1627118100.0,27.52
1627118400.0,27.52
1627118700.0,27.52
1627119000.0,27.51
1627119300.0,27.52
1627119600.0,27.52
1627119900.0,27.51
1627120200.0,27.52
1627120200.0,27.52
1627120500.0,27.51
1627120800.0,27.5
1627121100.0,27.52
1627121400.0,27.51
1627121700.0,27.51
1627122000.0,27.5
1627122300.0,27.5
1627122600.0,27.52
1627122900.0,27.52
1627123200.0,27.51
1627123500.0,27.5
1627123800.0,27.5
1627124100.0,27.51
1627124400.0,27.51
1627124700.0,27.51
1627125000.0,27.51
1627125300.0,27.51
1627125600.0,27.52
1627125900.0,27.52
1627126200.0,27.52
1627126500.0,27.52
1627126800.0,27.52
1627127100.0,27.52
1627127400.0,27.51
1627127700.0,27.51
1627128000.0,27.52
1627128300.0,27.52
1627128600.0,27.51
1627128900.0,27.52
1627129200.0,27.52
1627129500.0,27.53
1627129800.0,27.53
1627130100.0,27.52
1627130400.0,27.53
1627130700.0,27.53
1627131000.0,27.53
1627131300.0,27.52
1627131600.0,27.53
1627131900.0,27.53
1627132200.0,27.53
1627132500.0,27.52
1627132800.0,27.53
1627133100.0,27.53
1627133400.0,27.53
1627133700.0,27.53
1627134000.0,27.53
1627134300.0,27.53
1627134600.0,27.53
1627134900.0,27.53
1627135200.0,27.53
1627135500.0,27.53
1627135800.0,27.52
1627136100.0,27.52
1627136400.0,27.53
1627136700.0,27.53
1627137000.0,27.52
1627137300.0,27.53
1627137600.0,27.53
1627137900.0,27.52
1627138200.0,27.53
1627138500.0,27.53
1627138800.0,27.52
1627139100.0,27.52
1627139400.0,27.52
1627139700.0,27.53
1627140000.0,27.53
1627140300.0,27.53
1627140600.0,27.53
1627140900.0,27.52
1627141200.0,27.52
1627141500.0,27.52
1627141800.0,27.52
1627142100.0,27.52
1627142400.0,27.53
1627142700.0,27.53
1627143000.0,27.53
1627143300.0,27.52
1627143600.0,27.52
1627143900.0,27.53
1627144200.0,27.52
1627144500.0,27.52
1627144800.0,27.52
1627145100.0,27.53
1627145400.0,27.53
1627145700.0,27.52
1627146000.0,27.52
1627146300.0,27.53
1627146600.0,27.53
1627146900.0,27.52
1627147200.0,27.53
1627147500.0,27.51
1627147800.0,27.52
1627148100.0,27.52
1627148400.0,27.52
1627148700.0,27.51
1627149000.0,27.51
1627149300.0,27.52
1627149600.0,27.52
1627149900.0,27.52
1627150200.0,27.52
1627150500.0,27.52
1627150800.0,27.52
1627151100.0,27.52
1627151400.0,27.52
1627151700.0,27.53
1627152000.0,27.52
1627152300.0,27.51
1627152600.0,27.53
1627152900.0,27.51
1627153200.0,27.52
1627153500.0,27.51
1627153800.0,27.53
1627154100.0,27.53
1627154400.0,27.52
1627154700.0,27.52
1627155000.0,27.52
1627155300.0,27.52
1627155600.0,27.51
1627155900.0,27.53
1627156200.0,27.52
1627156500.0,27.52
1627156800.0,27.52
1627157100.0,27.52
1627157400.0,27.51
1627157700.0,27.52
1627158000.0,27.52
1627158300.0,27.51
1627158600.0,27.52
1627158900.0,27.52
1627159200.0,27.53
1627159500.0,27.53
1627159800.0,27.52
1627160100.0,27.53
1627160400.0,27.52
1627160700.0,27.53
1627161000.0,27.53
1627161300.0,27.53
1627161600.0,27.52
1627161900.0,27.52
1627162200.0,27.53
1627162500.0,27.51
1627162800.0,27.52
1627163100.0,27.53
1627163400.0,27.53
1627163700.0,27.53
1627164000.0,27.53
1627164300.0,27.53
1627164600.0,27.53
1627164900.0,27.53
1627165200.0,27.53
1627165500.0,27.53
1627165800.0,27.53
1627166100.0,27.53
1627166400.0,27.53
1627166700.0,27.51
1627167000.0,27.53
1627167300.0,27.52
1627167600.0,27.53
1627167900.0,27.53
1627168200.0,27.53
1627168500.0,27.53
1627168800.0,27.53
1627169100.0,27.53
1627169400.0,27.53
1627169700.0,27.53
1627170000.0,27.51
1627170300.0,27.51
1627170600.0,27.51
1627170900.0,27.53
1627171200.0,27.53
1627171500.0,27.53
1627171800.0,27.53
1627172100.0,27.53
1627172400.0,27.53
1627172700.0,27.53
1627173000.0,27.53
1627173300.0,27.53
1627173600.0,27.53
1627173900.0,27.53
1627174200.0,27.53
1627174500.0,27.53
1627174800.0,27.53
1627175100.0,27.53
1627175400.0,27.52
1627175700.0,27.52
1627176000.0,27.52
1627176300.0,27.51
1627176600.0,27.51
1627176900.0,27.51
1627177200.0,27.51
1627177500.0,27.51
1627177800.0,27.51
1627178100.0,27.51
1627178400.0,27.51
1627178700.0,27.52
1627179000.0,27.52
1627179300.0,27.51
1627179600.0,27.51
1627179900.0,27.52
1627180200.0,27.52
1627180500.0,27.52
1627180800.0,27.52
1627181100.0,27.52
1627181400.0,27.52
1627181700.0,27.51
1627182000.0,27.51
1627182300.0,27.51
1627182600.0,27.51
1627182900.0,27.51
1627183200.0,27.51
1627183500.0,27.51
1627183800.0,27.52
1627184100.0,27.51
1627184400.0,27.52
1627184700.0,27.52
1627185000.0,27.52
1627185300.0,27.52
1627185600.0,27.52
1627185900.0,27.51
1627186200.0,27.51
1627186500.0,27.51
1627186800.0,27.51
1627187100.0,27.51
1627187400.0,27.51
1627187700.0,27.51
1627188000.0,27.51
1627188300.0,27.51
1627188600.0,27.52
1627188900.0,27.52
1627189200.0,27.52
1627189500.0,27.51
1627189800.0,27.51
1627190100.0,27.51
1627190400.0,27.52
1627190700.0,27.52
1627191000.0,27.52
1627191300.0,27.52
1627191600.0,27.51
1627191900.0,27.51
1627192200.0,27.51
1627192500.0,27.51
1627192800.0,27.51
1627193100.0,27.52
1627193400.0,27.52
1627193700.0,27.51
1627194000.0,27.51
1627194300.0,27.51
1627194600.0,27.51
1627194900.0,27.51
1627195200.0,27.51
1627195500.0,27.51
1627195800.0,27.52
1627196100.0,27.52
1627196400.0,27.52
1627196700.0,27.52
1627197000.0,27.51
1627197300.0,27.52
1627197600.0,27.51
1627197900.0,27.51
1627198200.0,27.29
1627198500.0,27.28
1627198800.0,27.25
1627199100.0,27.24
1627199400.0,27.24
1627199700.0,27.24
1627200000.0,27.24
1627200300.0,27.25
1627200600.0,27.38
1627200900.0,27.39
1627201200.0,27.39
1627201500.0,27.39
1627201800.0,27.3
1627202100.0,27.35
1627202400.0,27.38
1627202700.0,27.36
1627203000.0,27.36
1627203300.0,27.36
1627203600.0,27.39
1627203900.0,27.36
1627204200.0,27.35
1627204500.0,27.38
1627204800.0,27.37
1627205100.0,27.35
1627205400.0,27.38
1627205700.0,27.36
1627206000.0,27.37
1627206300.0,27.39
1627206600.0,27.39
1627206900.0,27.37
1627207200.0,27.36
1627207500.0,27.35
1627207800.0,27.37
1627208100.0,27.37
1627208400.0,27.35
1627208700.0,27.37
1627209000.0,27.36
1627209300.0,27.35
1627209600.0,27.31
1627209900.0,27.36
1627210200.0,27.36
1627210500.0,27.36
1627210800.0,27.36
1627211100.0,27.33
1627211400.0,27.33
1627211700.0,27.34
1627212000.0,27.34
1627212300.0,27.35
1627212600.0,27.34
1627212900.0,27.34
1627213200.0,27.35
1627213500.0,27.36
1627213800.0,27.34
1627214100.0,27.36
1627214400.0,27.35
1627214700.0,27.35
1627215000.0,27.34
1627215300.0,27.35
1627215600.0,27.31
1627215900.0,27.35
1627216200.0,27.35
1627216500.0,27.26
1627216800.0,27.27
1627217100.0,27.29
1627217400.0,27.36
1627217700.0,27.31
1627218000.0,27.31
1627218300.0,27.3
1627218600.0,27.3
1627218900.0,27.3
1627219200.0,27.35
1627219500.0,27.35
1627219800.0,27.36
1627220100.0,27.35
1627220400.0,27.36
1627220700.0,27.36
1627221000.0,27.33
1627221300.0,27.33
1627221600.0,27.36
1627221900.0,27.33
1627222200.0,27.34
1627222500.0,27.34
1627222800.0,27.36
1627223100.0,27.36
1627223400.0,27.36
1627223700.0,27.36
1627224000.0,27.35
1627224300.0,27.36
1627224600.0,27.36
1627224900.0,27.35
1627225200.0,27.35
1627225500.0,27.35
1627225800.0,27.35
1627226100.0,27.35
1627226400.0,27.36
1627226700.0,27.3
1627227000.0,27.31
1627227300.0,27.36
1627227600.0,27.31
1627227900.0,27.31
1627228200.0,27.31
1627228500.0,27.36
1627228800.0,27.35
1627229100.0,27.34
1627229400.0,27.36
1627229700.0,27.34
1627230000.0,27.35
1627230300.0,27.34
1627230600.0,27.33
1627230900.0,27.34
1627231200.0,27.35
1627231500.0,27.33
1627231800.0,27.34
1627232100.0,27.35
1627232400.0,27.35
1627232700.0,27.34
1627233000.0,27.34
1627233300.0,27.33
1627233600.0,27.33
1627233900.0,27.35
1627234200.0,27.35
1627234500.0,27.34
1627234800.0,27.35
1627235100.0,27.35
1627235400.0,27.35
1627235700.0,27.34
1627236000.0,27.34
1627236300.0,27.34
1627236600.0,27.33
1627236900.0,27.33
1627237200.0,27.33
1627237500.0,27.33
1627237800.0,27.33
1627238100.0,27.34
1627238400.0,27.33
1627238700.0,27.34
1627239000.0,27.33
1627239300.0,27.33
1627239600.0,27.33
1627239900.0,27.33
1627240200.0,27.33
1627240500.0,27.33
1627240800.0,27.33
1627241100.0,27.31
1627241400.0,27.3
1627241700.0,27.31
1627242000.0,27.34
1627242300.0,27.35
1627242600.0,27.35
1627242900.0,27.34
1627243200.0,27.34
1627243500.0,27.34
1627243800.0,27.33
1627244100.0,27.33
1627244400.0,27.33
1627244700.0,27.34
1627245000.0,27.34
1627245300.0,27.34
1627245600.0,27.34
1627245900.0,27.35
1627246200.0,27.35
1627246500.0,27.35
1627246800.0,27.34
1627247100.0,27.34
1627247400.0,27.35
1627247700.0,27.35
1627248000.0,27.33
1627248300.0,27.34
1627248600.0,27.34
1627248900.0,27.33
1627249200.0,27.34
1627249500.0,27.34
1627249800.0,27.34
1627250100.0,27.34
1627250400.0,27.33
1627250700.0,27.34
1627251000.0,27.34
1627251300.0,27.34
1627251600.0,27.35
1627251900.0,27.35
1627252200.0,27.35
1627252500.0,27.35
1627252800.0,27.35
1627253100.0,27.35
1627253400.0,27.35
1627253700.0,27.35
1627254000.0,27.35
1627254300.0,27.35
1627254600.0,27.35
1627254900.0,27.35
1627255200.0,27.35
1627255500.0,27.35
1627255800.0,27.35
1627256100.0,27.37
1627256400.0,27.36
1627256700.0,27.36
1627257000.0,27.36
1627257300.0,27.36
1627257600.0,27.36
1627257900.0,27.35
1627258200.0,27.34
1627258500.0,27.34
1627258800.0,27.34
1627259100.0,27.34
1627259400.0,27.35
1627259700.0,27.36
1627260000.0,27.36
1627260300.0,27.36
1627260600.0,27.36
1627260900.0,27.34
1627261200.0,27.31
1627261500.0,27.32
1627261800.0,27.31
1627262100.0,27.32
1627262400.0,27.32
1627262700.0,27.32
1627263000.0,27.32
1627263300.0,27.32
1627263600.0,27.32
1627263900.0,27.32
1627264200.0,27.31
1627264500.0,27.32
1627264800.0,27.32
1627265100.0,27.32
1627265400.0,27.32
1627265700.0,27.32
1627266000.0,27.31
1627266300.0,27.28
1627266600.0,27.32
1627266900.0,27.32
1627267200.0,27.34
1627267500.0,27.32
1627267800.0,27.32
1627268100.0,27.32
1627268400.0,27.34
1627268700.0,27.33
1627269000.0,27.32
1627269300.0,27.32
1627269600.0,27.31
1627269900.0,27.28
1627269900.0,27.28
1627270200.0,27.32
1627270500.0,27.32
1627270800.0,27.32
1627271100.0,27.32
1627271400.0,27.31
1627271700.0,27.29
1627272000.0,27.3
1627272300.0,27.29
1627272600.0,27.3
1627272900.0,27.29
1627273200.0,27.29
1627273500.0,27.3
1627273800.0,27.29
1627274100.0,27.3
1627274400.0,27.29
1627274700.0,27.27
1627275000.0,27.27
1627275300.0,27.27
1627275600.0,27.28
1627275900.0,27.28
1627276200.0,27.27
1627276500.0,27.27
1627276800.0,27.26
1627277100.0,27.28
1627277400.0,27.32
1627277700.0,27.32
1627278000.0,27.32
1627278300.0,27.33
1627278600.0,27.32
1627278900.0,27.32
1627279200.0,27.32
1627279500.0,27.33
1627279800.0,27.33
1627280100.0,27.34
1627280400.0,27.34
1627280700.0,27.33
1627281000.0,27.33
1627281300.0,27.33
1627281600.0,27.3
1627281900.0,27.29
1627282200.0,27.29
1627282500.0,27.29
1627282800.0,27.28
1627283100.0,27.29
1627283400.0,27.29
1627283700.0,27.29
1627284000.0,27.3
1627284300.0,27.29
1627284600.0,27.29
1627284900.0,27.3
1627285200.0,27.29
1627285500.0,27.29
1627285800.0,27.27
1627286100.0,27.28
1627286400.0,27.27
1627286700.0,27.27
1627287000.0,27.27
1627287300.0,27.29
1627287600.0,27.32
1627287900.0,27.32
1627288200.0,27.32
1627288500.0,27.32
1627288800.0,27.33
1627289100.0,27.34
1627289400.0,27.34
1627289700.0,27.34
1627290000.0,27.32
1627290300.0,27.33
1627290600.0,27.32
1627290900.0,27.31
1627291200.0,27.32
1627291500.0,27.31
1627291800.0,27.33
1627292100.0,27.33
1627292400.0,27.33
1627292700.0,27.31
1627293000.0,27.31
1627293300.0,27.33
1627293600.0,27.32
1627293900.0,27.33
1627294200.0,27.32
1627294500.0,27.33
1627294800.0,27.34
1627295100.0,27.34
1627295400.0,27.33
1627295700.0,27.33
1627296000.0,27.33
1627296300.0,27.34
1627296600.0,27.34
1627296900.0,27.33
1627297200.0,27.34
1627297500.0,27.32
1627297800.0,27.32
1627298100.0,27.32
1627298400.0,27.33
1627298700.0,27.33
1627299000.0,27.34
1627299300.0,27.33
1627299600.0,27.33
1627299900.0,27.31
1627300200.0,27.31
1627300500.0,27.3
1627300800.0,27.28
1627301100.0,27.29
1627301400.0,27.28
1627301700.0,27.29
1627302000.0,27.29
1627302300.0,27.27
1627302600.0,27.27
1627302900.0,27.3
1627303200.0,27.3
1627303500.0,27.3
1627303800.0,27.3
1627304100.0,27.3
1627304400.0,27.31
1627304700.0,27.3
1627305000.0,27.31
1627305300.0,27.3
1627305600.0,27.3
1627305900.0,27.3
1627306200.0,27.31
1627306500.0,27.3
1627306800.0,27.3
1627307100.0,27.31
1627307400.0,27.34
1627307700.0,27.34
1627308000.0,27.34
1627308300.0,27.34
1627308600.0,27.37
1627308900.0,27.34
1627309200.0,27.34
1627309500.0,27.34
1627309800.0,27.34
1627310100.0,27.34
1627310400.0,27.31
1627310700.0,27.31
1627311000.0,27.31
1627311300.0,27.32
1627311600.0,27.3
1627311900.0,27.3
1627312200.0,27.3
1627312500.0,27.31
1627312800.0,27.3
1627313100.0,27.3
1627313400.0,27.3
1627313700.0,27.3
1627314000.0,27.3
1627314300.0,27.3
1627314600.0,27.3
1627314900.0,27.31
1627315200.0,27.3
1627315500.0,27.3
1627315800.0,27.3
1627316100.0,27.3
1627316400.0,27.3
1627316700.0,27.31
1627317000.0,27.31
1627317300.0,27.31
1627317600.0,27.3
1627317900.0,27.3
1627318200.0,27.3
1627318500.0,27.29
1627318800.0,27.28
1627319100.0,27.28
1627319400.0,27.28
1627319700.0,27.29
1627320000.0,27.28
1627320300.0,27.29
1627320600.0,27.28
1627320900.0,27.3
1627321200.0,27.3
1627321500.0,27.3
1627321800.0,27.29
1627322100.0,27.3
1627322400.0,27.31
1627322700.0,27.3
1627323000.0,27.29
1627323300.0,27.29
1627323600.0,27.3
1627323900.0,27.3
1627324200.0,27.31
1627324500.0,27.29
1627324800.0,27.3
1627325100.0,27.31
1627325400.0,27.29
1627325700.0,27.3
1627326000.0,27.3
1627326300.0,27.3
1627326600.0,27.3
1627326900.0,27.3
1627327200.0,27.3
1627327500.0,27.3
1627327800.0,27.3
1627328100.0,27.3
1627328400.0,27.3
1627328700.0,27.3
1627329000.0,27.29
1627329300.0,27.3
1627329600.0,27.3
1627329900.0,27.29
1627330200.0,27.28
1627330500.0,27.28
1627330800.0,27.29
1627331100.0,27.28
1627331400.0,27.29
1627331700.0,27.29
1627332000.0,27.27
1627332300.0,27.28
1627332600.0,27.3
1627332900.0,27.28
1627333200.0,27.29
1627333500.0,27.27
1627333800.0,27.3
1627334100.0,27.3
1627334400.0,27.3
1627334700.0,27.29
1627335000.0,27.3
1627335300.0,27.3
1627335600.0,27.29
1627335900.0,27.3
1627336200.0,27.3
1627336500.0,27.3
1627336800.0,27.3
1627337100.0,27.29
1627337400.0,27.26
1627337700.0,27.29
1627338000.0,27.3
1627338300.0,27.3
1627338600.0,27.3
1627338900.0,27.29
1627339200.0,27.29
1627339500.0,27.29
1627339800.0,27.31
1627340100.0,27.3
1627340400.0,27.31
1627340700.0,27.31
1627341000.0,27.31
1627341300.0,27.31
1627341600.0,27.31
1627341900.0,27.31
1627342200.0,27.31
1627342500.0,27.32
1627342800.0,27.32
1627343100.0,27.32
1627343400.0,27.33
1627343700.0,27.32
1627344000.0,27.32
1627344300.0,27.31
1627344600.0,27.3
1627344900.0,27.3
1627345200.0,27.29
1627345500.0,27.29
1627345800.0,27.29
1627346100.0,27.29
1627346400.0,27.29
1627346700.0,27.29
1627347000.0,27.29
1627347300.0,27.29
1627347600.0,27.29
1627347900.0,27.29
1627348200.0,27.29
1627348500.0,27.29
1627348800.0,27.32
1627349100.0,27.32
1627349400.0,27.32
1627349700.0,27.31
1627350000.0,27.3
1627350300.0,27.3
1627350600.0,27.32
1627350900.0,27.31
1627351200.0,27.31
1627351500.0,27.27
1627351800.0,27.27
1627352100.0,27.27
1627352400.0,27.27
1627352700.0,27.27
1627353000.0,27.27
1627353300.0,27.27
1627353600.0,27.25
1627353900.0,27.26
1627354200.0,27.26
1627354500.0,27.26
1627354800.0,27.28
1627355100.0,27.27
1627355400.0,27.28
1627355700.0,27.26
1627356000.0,27.26
1627356300.0,27.28
1627356600.0,27.28
1627356900.0,27.28
1627357200.0,27.28
1627357500.0,27.28
1627357800.0,27.28
1627358100.0,27.28
1627358400.0,27.28
1627358700.0,27.28
1627359000.0,27.27
1627359300.0,27.28
1627359600.0,27.28
1627359900.0,27.29
1627360200.0,27.29
1627360500.0,27.28
1627360800.0,27.28
1627361100.0,27.28
1627361400.0,27.28
1627361700.0,27.28
1627362000.0,27.28
1627362300.0,27.28
1627362600.0,27.28
1627362900.0,27.28
1627363200.0,27.27
1627363500.0,27.27
1627363800.0,27.27
1627364100.0,27.27
1627364400.0,27.27
1627364700.0,27.27
1627365000.0,27.27
1627365300.0,27.27
1627365600.0,27.27
1627365900.0,27.28
1627366200.0,27.27
1627366500.0,27.28
1627366800.0,27.28
1627367100.0,27.27
1627367400.0,27.26
1627367700.0,27.26
1627368000.0,27.28
1627368300.0,27.28
1627368600.0,27.26
1627368900.0,27.25
1627369200.0,27.25
1627369500.0,27.26
1627369800.0,27.26
1627370100.0,27.24
1627370400.0,27.25
1627370700.0,27.26
1627371000.0,27.24
1627371300.0,27.25
1627371600.0,27.24
1627371900.0,27.24
1627372200.0,27.24
1627372500.0,27.24
1627372800.0,27.24
1627373100.0,27.26
1627373400.0,27.25
1627373700.0,27.25
1627374000.0,27.25
1627374300.0,27.27
1627374600.0,27.25
1627374900.0,27.25
1627375200.0,27.26
1627375500.0,27.26
1627375800.0,27.26
1627376100.0,27.27
1627376400.0,27.26
1627376700.0,27.25
1627377000.0,27.27
1627377300.0,27.25
1627377600.0,27.26
1627377900.0,27.25
1627378200.0,27.25
1627378500.0,27.26
1627378800.0,27.27
1627379100.0,27.26
1627379400.0,27.28
1627379700.0,27.27
1627380000.0,27.27
1627380300.0,27.26
1627380600.0,27.25
1627380900.0,27.25
1627381200.0,27.26
1627381500.0,27.26
1627381800.0,27.27
1627382100.0,27.27
1627382400.0,27.26
1627382700.0,27.25
1627383000.0,27.26
1627383300.0,27.26
1627383600.0,27.26
1627383900.0,27.26
1627384200.0,27.25
1627384500.0,27.25
1627384800.0,27.26
1627385100.0,27.26
1627385400.0,27.27
1627385700.0,27.27
1627386000.0,27.26
1627386300.0,27.26
1627386600.0,27.26
1627386900.0,27.27
1627387200.0,27.27
1627387500.0,27.27
1627387800.0,27.27
1627388100.0,27.26
1627388400.0,27.26
1627388700.0,27.26
1627389000.0,27.27
1627389300.0,27.27
1627389600.0,27.25
1627389900.0,27.26
1627390200.0,27.26
1627390500.0,27.22
1627390800.0,27.26
1627391100.0,27.26
1627391400.0,27.27
1627391700.0,27.24
1627392000.0,27.23
1627392300.0,27.23
1627392600.0,27.24
1627392900.0,27.24
1627393200.0,27.24
1627393500.0,27.24
1627393800.0,27.24
1627394100.0,27.24
1627394400.0,27.25
1627394700.0,27.26
1627395000.0,27.25
1627395300.0,27.25
1627395600.0,27.26
1627395900.0,27.25
1627396200.0,27.25
1627396500.0,27.25
1627396800.0,27.26
1627397100.0,27.26
1627397400.0,27.25
1627397700.0,27.26
1627398000.0,27.26
1627398300.0,27.25
1627398600.0,27.25
1627398900.0,27.25
1627399200.0,27.26
1627399500.0,27.26
1627399800.0,27.25
1627400100.0,27.26
1627400400.0,27.26
1627400700.0,27.26
1627401000.0,27.25
1627401300.0,27.25
1627401600.0,27.26
1627401900.0,27.25
1627402200.0,27.26
1627402500.0,27.25
1627402800.0,27.26
1627403100.0,27.26
1627403400.0,27.26
1627403700.0,27.25
1627404000.0,27.25
1627404300.0,27.27
1627404600.0,27.27
1627404900.0,27.25
1627405200.0,27.25
1627405500.0,27.26
1627405800.0,27.27
1627406100.0,27.26
1627406400.0,27.27
1627406700.0,27.25
1627407000.0,27.26
1627407300.0,27.26
1627407600.0,27.25
1627407900.0,27.25
1627408200.0,27.25
1627408500.0,27.25
1627408800.0,27.25
1627409100.0,27.25
1627409400.0,27.24
1627409700.0,27.23
1627410000.0,27.27
1627410300.0,27.25
1627410600.0,27.26
1627410900.0,27.27
1627411200.0,27.27
1627411500.0,27.27
1627411800.0,27.25
1627412100.0,27.26
1627412400.0,27.26
1627412700.0,27.25
1627413000.0,27.26
1627413300.0,27.26
1627413600.0,27.26
1627413900.0,27.27
1627414200.0,27.26
1627414500.0,27.26
1627414800.0,27.26
1627415100.0,27.25
1627415400.0,27.25
1627415700.0,27.25
1627416000.0,27.26
1627416300.0,27.25
1627416600.0,27.26
1627416900.0,27.26
1627417200.0,27.26
1627417500.0,27.26
1627417800.0,27.25
1627418100.0,27.26
1627418400.0,27.26
1627418700.0,27.25
1627419000.0,27.25
1627419300.0,27.25
1627419600.0,27.25
1627419600.0,27.25
1627419900.0,27.25
1627420200.0,27.26
1627420500.0,27.26
1627420800.0,27.26
1627421100.0,27.24
1627421400.0,27.23
1627421700.0,27.2
1627422000.0,27.2
1627422300.0,27.18
1627422600.0,27.2
1627422900.0,27.2
1627423200.0,27.2
1627423500.0,27.18
1627423800.0,27.2
1627424100.0,27.2
1627424400.0,27.2
1627424700.0,27.2
1627425000.0,27.2
1627425300.0,27.21
1627425600.0,27.21
1627425900.0,27.21
1627426200.0,27.2
1627426500.0,27.2
1627426800.0,27.22
1627427100.0,27.22
1627427400.0,27.22
1627427700.0,27.22
1627428000.0,27.22
1627428300.0,27.22
1627428600.0,27.22
1627428900.0,27.21
1627429200.0,27.21
1627429500.0,27.21
1627429800.0,27.21
1627430100.0,27.21
1627430400.0,27.2
1627430700.0,27.22
1627431000.0,27.22
1627431300.0,27.22
1627431600.0,27.21
1627431900.0,27.22
1627432200.0,27.21
1627432500.0,27.21
1627432800.0,27.21
1627433100.0,27.22
1627433400.0,27.2
1627433700.0,27.2
1627434000.0,27.2
1627434300.0,27.2
1627434600.0,27.2
1627434900.0,27.19
1627435200.0,27.19
1627435500.0,27.19
1627435800.0,27.19
1627436100.0,27.19
1627436400.0,27.19
1627436700.0,27.19
1627437000.0,27.19
1627437300.0,27.19
1627437600.0,27.19
1627437900.0,27.19
1627438200.0,27.2
1627438500.0,27.19
1627438800.0,27.19
1627439100.0,27.19
1627439400.0,27.18
1627439700.0,27.17
1627440000.0,27.15
1627440300.0,27.13
1627440600.0,27.11
1627440900.0,27.11
1627441200.0,27.11
1627441500.0,27.11
1627441800.0,27.11
1627442100.0,27.11
1627442400.0,27.11
1627442700.0,27.11
1627443000.0,27.11
1627443300.0,27.11
1627443600.0,27.11
1627443900.0,27.11
1627444200.0,27.11
1627444500.0,27.12
1627444800.0,27.12
1627445100.0,27.13
1627445400.0,27.13
1627445700.0,27.12
1627446000.0,27.12
1627446300.0,27.1
1627446600.0,27.13
1627446900.0,27.12
1627447200.0,27.12
1627447500.0,27.14
1627447800.0,27.15
1627448100.0,27.13
1627448400.0,27.15
1627448700.0,27.15
1627449000.0,27.15
1627449300.0,27.15
1627449600.0,27.15
1627449900.0,27.15
1627450200.0,27.14
1627450500.0,27.15
1627450800.0,27.14
1627451100.0,27.15
1627451400.0,27.15
1627451700.0,27.15
1627452000.0,27.15
1627452300.0,27.15
1627452600.0,27.15
1627452900.0,27.15
1627453200.0,27.15
1627453500.0,27.14
1627453800.0,27.14
1627454100.0,27.14
1627454400.0,27.14
1627454700.0,27.12
1627455000.0,27.12
1627455300.0,27.13
1627455600.0,27.14
1627455900.0,27.13
1627456200.0,27.12
1627456500.0,27.12
1627456800.0,27.13
1627457100.0,27.13
1627457400.0,27.13
1627457700.0,27.13
1627458000.0,27.14
1627458300.0,27.15
1627458600.0,27.14
1627458900.0,27.15
1627459200.0,27.13
1627459500.0,27.14
1627459800.0,27.14
1627460100.0,27.13
1627460400.0,27.14
1627460700.0,27.12
1627461000.0,27.13
1627461300.0,27.13
1627461600.0,27.13
1627461900.0,27.12
1627462200.0,27.12
1627462500.0,27.1
1627462800.0,27.13
1627463100.0,27.14
1627463400.0,27.12
1627463700.0,27.13
1627464000.0,27.12
1627464300.0,27.12
1627464600.0,27.12
1627464900.0,27.11
1627465200.0,27.11
1627465500.0,27.1
1627465800.0,27.11
1627466100.0,27.11
1627466400.0,27.11
1627466700.0,27.11
1627467000.0,27.12
1627467300.0,27.1
1627467600.0,27.12
1627467900.0,27.12
1627468200.0,27.12
1627468500.0,27.12
1627468800.0,27.11
1627469100.0,27.11
1627469400.0,27.11
1627469700.0,27.12
1627470000.0,27.1
1627470300.0,27.13
1627470600.0,27.13
1627470900.0,27.13
1627471200.0,27.1
1627471500.0,27.11
1627471800.0,27.12
1627472100.0,27.13
1627472400.0,27.14
1627472700.0,27.14
1627473000.0,27.15
1627473300.0,27.15
1627473600.0,27.14
1627473900.0,27.15
1627474200.0,27.15
1627474500.0,27.15
1627474800.0,27.16
1627475100.0,27.15
1627475400.0,27.14
1627475700.0,27.16
1627476000.0,27.15
1627476300.0,27.14
1627476600.0,27.15
1627476900.0,27.15
1627477200.0,27.14
1627477500.0,27.14
1627477800.0,27.14
1627478100.0,27.15
1627478400.0,27.15
1627478700.0,27.15
1627479000.0,27.16
1627479300.0,27.16
1627479600.0,27.16
1627479900.0,27.18
1627480200.0,27.18
1627480500.0,27.18
1627480800.0,27.17
1627481100.0,27.16
1627481400.0,27.16
1627481700.0,27.15
1627482000.0,27.16
1627482300.0,27.17
1627482600.0,27.17
1627482900.0,27.17
1627483200.0,27.18
1627483500.0,27.15
1627483800.0,27.18
1627484100.0,27.18
1627484400.0,27.18
1627484700.0,27.18
1627485000.0,27.16
1627485300.0,27.16
1627485600.0,27.16
1627485900.0,27.16
1627486200.0,27.17
1627486500.0,27.16
1627486800.0,27.16
1627487100.0,27.16
1627487400.0,27.16
1627487700.0,27.16
1627488000.0,27.17
1627488300.0,27.16
1627488600.0,27.16
1627488900.0,27.17
1627489200.0,27.17
1627489500.0,27.16
1627489800.0,27.17
1627490100.0,27.17
1627490400.0,27.16
1627490700.0,27.17
1627491000.0,27.17
1627491300.0,27.17
1627491600.0,27.16
1627491900.0,27.17
1627492200.0,27.16
1627492500.0,27.17
1627492800.0,27.16
1627493100.0,27.16
1627493400.0,27.17
1627493700.0,27.17
1627494000.0,27.16
1627494300.0,27.17
1627494600.0,27.17
1627494900.0,27.16
1627495200.0,27.17
1627495500.0,27.17
1627495800.0,27.16
1627496100.0,27.16
1627496400.0,27.17
1627496700.0,27.16
1627497000.0,27.15
1627497300.0,27.15
1627497600.0,27.15
1627497900.0,27.15
1627498200.0,27.12
1627498500.0,27.13
1627498800.0,27.13
1627499100.0,27.13
1627499400.0,27.15
1627499700.0,27.13
1627500000.0,27.16
1627500300.0,27.15
1627500600.0,27.14
1627500900.0,27.15
1627501200.0,27.15
1627501500.0,27.15
1627501800.0,27.14
1627502100.0,27.14
1627502400.0,27.14
1627502700.0,27.14
1627503000.0,27.14
1627503300.0,27.15
1627503600.0,27.15
1627503900.0,27.14
1627504200.0,27.16
1627504500.0,27.16
1627504800.0,27.17
1627505100.0,27.17
1627505400.0,27.15
1627505700.0,27.15
1627506000.0,27.15
1627506300.0,27.14
1627506600.0,27.14
1627506900.0,27.14
1627507200.0,27.16
1627507500.0,27.16
1627507800.0,27.15
1627508100.0,27.16
1627508400.0,27.17
1627508700.0,27.17
1627509000.0,27.17
1627509300.0,27.17
1627509600.0,27.17
1627509900.0,27.17
1627510200.0,27.17
1627510500.0,27.16
1627510800.0,27.17
1627511100.0,27.17
1627511400.0,27.18
1627511700.0,27.19
1627512000.0,27.19
1627512300.0,27.19
1627512600.0,27.19
1627512900.0,27.19
1627513200.0,27.18
1627513500.0,27.18
1627513800.0,27.18
1627514100.0,27.18
1627514400.0,27.18
1627514700.0,27.18
1627515000.0,27.18
1627515300.0,27.18
1627515600.0,27.18
1627515900.0,27.18
1627516200.0,27.18
1627516500.0,27.18
1627516800.0,27.18
1627517100.0,27.18
1627517400.0,27.18
1627517700.0,27.18
1627518000.0,27.18
1627518300.0,27.18
1627518600.0,27.18
1627518900.0,27.18
1627519200.0,27.18
1627519500.0,27.18
1627519800.0,27.18
1627520100.0,27.19
1627520400.0,27.19
1627520700.0,27.19
1627521000.0,27.19
1627521300.0,27.19
1627521600.0,27.19
1627521900.0,27.19
1627522200.0,27.19
1627522500.0,27.19
1627522800.0,27.19
1627523100.0,27.19
1627523400.0,27.19
1627523700.0,27.18
1627524000.0,27.17
1627524300.0,27.15
1627524600.0,27.14
1627524900.0,27.12
1627525200.0,27.12
1627525500.0,27.11
1627525800.0,27.11
1627526100.0,27.11
1627526400.0,27.11
1627526700.0,27.11
1627527000.0,27.12
1627527300.0,27.11
1627527600.0,27.11
1627527900.0,27.11
1627528200.0,27.1
1627528500.0,27.11
1627528800.0,27.11
1627529100.0,27.11
1627529400.0,27.1
1627529700.0,27.09
1627530000.0,27.06
1627530300.0,27.05
1627530600.0,27.06
1627530900.0,27.07
1627531200.0,27.06
1627531500.0,27.07
1627531800.0,27.07
1627532100.0,27.07
1627532400.0,27.08
1627532700.0,27.08
1627533000.0,27.08
1627533300.0,27.08
1627533600.0,27.06
1627533900.0,27.06
1627534200.0,27.08
1627534500.0,27.08
1627534800.0,27.08
1627535100.0,27.08
1627535400.0,27.06
1627535700.0,27.06
1627536000.0,27.08
1627536300.0,27.06
1627536600.0,27.07
1627536900.0,27.06
1627537200.0,27.06
1627537500.0,27.08
1627537800.0,27.08
1627538100.0,27.08
1627538400.0,27.08
1627538700.0,27.08
1627539000.0,27.08
1627539300.0,27.08
1627539600.0,27.08
1627539900.0,27.07
1627540200.0,27.07
1627540500.0,27.07
1627540800.0,27.08
1627541100.0,27.08
1627541400.0,27.07
1627541700.0,27.07
1627542000.0,27.08
1627542300.0,27.08
1627542600.0,27.07
1627542900.0,27.07
1627543200.0,27.08
1627543500.0,27.08
1627543800.0,27.07
1627544100.0,27.07
1627544400.0,27.07
1627544700.0,27.08
1627545000.0,27.08
1627545300.0,27.08
1627545600.0,27.07
1627545900.0,27.08
1627546200.0,27.08
1627546500.0,27.07
1627546800.0,27.07
1627547100.0,27.07
1627547400.0,27.07
1627547700.0,27.07
1627548000.0,27.07
1627548300.0,27.08
1627548600.0,27.07
1627548900.0,27.07
1627549200.0,27.07
1627549500.0,27.07
1627549800.0,27.07
1627550100.0,27.08
1627550400.0,27.07
1627550700.0,27.07
1627551000.0,27.07
1627551300.0,27.08
1627551600.0,27.07
1627551900.0,27.08
1627552200.0,27.08
1627552500.0,27.08
1627552800.0,27.07
1627553100.0,27.09
1627553400.0,27.08
1627553700.0,27.08
1627554000.0,27.08
1627554300.0,27.08
1627554600.0,27.1
1627554900.0,27.09
1627555200.0,27.08
1627555500.0,27.08
1627555800.0,27.08
1627556100.0,27.09
1627556400.0,27.09
1627556700.0,27.08
1627557000.0,27.08
1627557300.0,27.09
1627557600.0,27.09
1627557900.0,27.1
1627558200.0,27.12
1627558500.0,27.14
1627558800.0,27.16
1627559100.0,27.14
1627559400.0,27.17
1627559700.0,27.17
1627560000.0,27.17
1627560300.0,27.17
1627560600.0,27.15
1627560900.0,27.17
1627561200.0,27.17
1627561500.0,27.13
1627561800.0,27.15
1627562100.0,27.17
1627562400.0,27.18
1627562700.0,27.18
1627563000.0,27.19
1627563300.0,27.19
1627563600.0,27.18
1627563900.0,27.19
1627564200.0,27.17
1627564500.0,27.18
1627564800.0,27.18
1627565100.0,27.17
1627565400.0,27.18
1627565700.0,27.18
1627566000.0,27.17
1627566300.0,27.17
1627566600.0,27.18
1627566900.0,27.18
1627567200.0,27.18
1627567500.0,27.2
1627567800.0,27.23
1627568100.0,27.23
1627568400.0,27.25
1627568700.0,27.22
1627569000.0,27.22
1627569300.0,27.24
1627569300.0,27.24
1627569600.0,27.2
1627569900.0,27.2
1627570200.0,27.2
1627570500.0,27.2
1627570800.0,27.2
1627571100.0,27.2
1627571400.0,27.2
1627571700.0,27.19
1627572000.0,27.21
1627572300.0,27.16
1627572600.0,27.16
1627572900.0,27.18
1627573200.0,27.15
1627573500.0,27.18
1627573800.0,27.18
1627574100.0,27.18
1627574400.0,27.18
1627574700.0,27.19
1627575000.0,27.19
1627575300.0,27.18
1627575600.0,27.19
1627575900.0,27.19
1627576200.0,27.16
1627576500.0,27.16
1627576800.0,27.18
1627577100.0,27.18
1627577400.0,27.18
1627577700.0,27.17
1627578000.0,27.17
1627578300.0,27.17
1627578600.0,27.17
1627578900.0,27.17
1627579200.0,27.18
1627579500.0,27.17
1627579800.0,27.16
1627580100.0,27.17
1627580400.0,27.18
1627580700.0,27.17
1627581000.0,27.17
1627581300.0,27.18
1627581600.0,27.17
1627581900.0,27.18
1627582200.0,27.18
1627582500.0,27.17
1627582800.0,27.18
1627583100.0,27.18
1627583400.0,27.18
1627583700.0,27.17
1627584000.0,27.19
1627584300.0,27.18
1627584600.0,27.18
1627584900.0,27.17
1627585200.0,27.16
1627585500.0,27.16
1627585800.0,27.17
1627586100.0,27.16
1627586400.0,27.18
1627586700.0,27.15
1627587000.0,27.17
1627587300.0,27.17
1627587600.0,27.16
1627587900.0,27.15
1627588200.0,27.17
1627588500.0,27.17
1627588800.0,27.17
1627589100.0,27.17
1627589400.0,27.17
1627589700.0,27.18
1627590000.0,27.18
1627590300.0,27.18
1627590600.0,27.17
1627590900.0,27.17
1627591200.0,27.18
1627591500.0,27.18
1627591800.0,27.18
1627592100.0,27.18
1627592400.0,27.17
1627592700.0,27.18
1627593000.0,27.18
1627593300.0,27.17
1627593600.0,27.18
1627593900.0,27.18
1627594200.0,27.18
1627594500.0,27.17
1627594800.0,27.17
1627595100.0,27.17
1627595400.0,27.18
1627595700.0,27.18
1627596000.0,27.17
1627596300.0,27.18
1627596600.0,27.18
1627596900.0,27.18
1627597200.0,27.17
1627597500.0,27.18
1627597800.0,27.18
1627598100.0,27.18
1627598400.0,27.18
1627598700.0,27.18
1627599000.0,27.18
1627599300.0,27.19
1627599600.0,27.18
1627599900.0,27.19
1627600200.0,27.22
1627600500.0,27.22
1627600800.0,27.26
1627601100.0,27.26
1627601400.0,27.26
1627601700.0,27.21
1627602000.0,27.2
1627602300.0,27.19
1627602600.0,27.19
1627602900.0,27.19
1627603200.0,27.19
1627603500.0,27.2
1627603800.0,27.2
1627604100.0,27.2
1627604400.0,27.2
1627604700.0,27.2
1627605000.0,27.2
1627605300.0,27.22
1627605600.0,27.22
1627605900.0,27.22
1627606200.0,27.25
1627606500.0,27.25
1627606800.0,27.25
1627607100.0,27.25
1627607400.0,27.25
1627607700.0,27.25
1627608000.0,27.25
1627608300.0,27.25
1627608600.0,27.25
1627608900.0,27.25
1627609200.0,27.23
1627609500.0,27.24
1627609800.0,27.24
1627610100.0,27.24
1627610400.0,27.21
1627610700.0,27.21
1627611000.0,27.25
1627611300.0,27.23
1627611600.0,27.21
1627611900.0,27.21
1627612200.0,27.21
1627612500.0,27.21
1627612800.0,27.2
1627613100.0,27.19
1627613400.0,27.21
1627613700.0,27.19
1627614000.0,27.19
1627614300.0,27.2
1627614600.0,27.2
1627614900.0,27.2
1627615200.0,27.19
1627615500.0,27.19
1627615800.0,27.19
1627616100.0,27.17
1627616400.0,27.17
1627616700.0,27.17
1627617000.0,27.13
1627617300.0,27.13
1627617600.0,27.17
1627617900.0,27.13
1627618200.0,27.17
1627618500.0,27.17
1627618800.0,27.17
1627619100.0,27.17
1627619400.0,27.12
1627619700.0,27.17
1627620000.0,27.17
1627620300.0,27.16
1627620600.0,27.17
1627620900.0,27.15
1627621200.0,27.14
1627621500.0,27.14
1627621800.0,27.15
1627622100.0,27.15
1627622400.0,27.13
1627622700.0,27.13
1627623000.0,27.15
1627623300.0,27.16
1627623600.0,27.14
1627623900.0,27.15
1627624200.0,27.16
1627624500.0,27.15
1627624800.0,27.16
1627625100.0,27.16
1627625400.0,27.15
1627625700.0,27.15
1627626000.0,27.16
1627626300.0,27.16
1627626600.0,27.15
1627626900.0,27.15
1627627200.0,27.16
1627627500.0,27.16
1627627800.0,27.15
1627628100.0,27.15
1627628400.0,27.15
1627628700.0,27.15
1627629000.0,27.15
1627629300.0,27.15
1627629600.0,27.16
1627629900.0,27.16
1627630200.0,27.13
1627630500.0,27.13
1627630800.0,27.14
1627631100.0,27.13
1627631400.0,27.13
1627631700.0,27.13
1627632000.0,27.13
1627632300.0,27.12
1627632600.0,27.12
1627632900.0,27.12
1627633200.0,27.12
1627633500.0,27.11
1627633800.0,27.14
1627634100.0,27.15
1627634400.0,27.15
1627634700.0,27.14
1627635000.0,27.15
1627635300.0,27.13
1627635600.0,27.14
1627635900.0,27.15
1627636200.0,27.15
1627636500.0,27.15
1627636800.0,27.14
1627637100.0,27.13
1627637400.0,27.13
1627637700.0,27.14
1627638000.0,27.13
1627638300.0,27.13
1627638600.0,27.14
1627638900.0,27.15
1627639200.0,27.14
1627639500.0,27.15
1627639800.0,27.15
1627640100.0,27.15
1627640400.0,27.15
1627640700.0,27.15
1627641000.0,27.14
1627641300.0,27.15
1627641600.0,27.15
1627641900.0,27.14
1627642200.0,27.15
1627642500.0,27.15
1627642800.0,27.14
1627643100.0,27.15
1627643400.0,27.15
1627643700.0,27.15
1627644000.0,27.15
1627644300.0,27.15
1627644600.0,27.14
1627644900.0,27.13
1627645200.0,27.13
1627645500.0,27.12
1627645800.0,27.13
1627646100.0,27.12
1627646400.0,27.11
1627646700.0,27.13
1627647000.0,27.11
1627647300.0,27.1
1627647600.0,27.12
1627647900.0,27.12
1627648200.0,27.13
1627648500.0,27.14
1627648800.0,27.15
1627649100.0,27.13
1627649400.0,27.12
1627649700.0,27.12
1627650000.0,27.13
1627650300.0,27.13
1627650600.0,27.13
1627650900.0,27.12
1627651200.0,27.13
1627651500.0,27.12
1627651800.0,27.13
1627652100.0,27.13
1627652400.0,27.13
1627652700.0,27.13
1627653000.0,27.11
1627653300.0,27.11
1627653600.0,27.13
1627653900.0,27.11
1627654200.0,27.12
1627654500.0,27.13
1627654800.0,27.13
1627655100.0,27.12
1627655400.0,27.13
1627655700.0,27.12
1627656000.0,27.12
1627656300.0,27.13
1627656600.0,27.13
1627656900.0,27.12
1627657200.0,27.1
1627657500.0,27.1
1627657800.0,27.13
1627658100.0,27.1
1627658400.0,27.12
1627658700.0,27.1
1627659000.0,27.1
1627659300.0,27.12
1627659600.0,27.1
1627659900.0,27.12
1627660200.0,27.1
1627660500.0,27.12
1627660800.0,27.1
1627661100.0,27.12
1627661400.0,27.12
1627661700.0,27.12
1627662000.0,27.12
1627662300.0,27.12
1627662600.0,27.13
1627662900.0,27.11
1627663200.0,27.13
1627663500.0,27.12
1627663800.0,27.12
1627664100.0,27.11
1627664400.0,27.13
1627664700.0,27.12
1627665000.0,27.13
1627665300.0,27.13
1627665600.0,27.12
1627665900.0,27.13
1627666200.0,27.13
1627666500.0,27.13
1627666800.0,27.13
1627667100.0,27.12
1627667400.0,27.13
1627667700.0,27.12
1627668000.0,27.13
1627668300.0,27.13
1627668600.0,27.13
1627668900.0,27.13
1627669200.0,27.13
1627669500.0,27.12
1627669800.0,27.13
1627670100.0,27.12
1627670400.0,27.11
1627670700.0,27.12
1627671000.0,27.11
1627671300.0,27.11
1627671600.0,27.1
1627671900.0,27.12
1627672200.0,27.1
1627672500.0,27.1
1627672800.0,27.12
1627673100.0,27.13
1627673400.0,27.13
1627673700.0,27.1
1627674000.0,27.12
1627674300.0,27.11
1627674600.0,27.12
1627674900.0,27.12
1627675200.0,27.12
1627675500.0,27.1
1627675800.0,27.12
1627676100.0,27.13
1627676400.0,27.13
1627676700.0,27.11
1627677000.0,27.11
1627677300.0,27.11
1627677600.0,27.11
1627677900.0,27.11
1627678200.0,27.1
1627678500.0,27.12
1627678800.0,27.12
1627679100.0,27.11
1627679400.0,27.12
1627679700.0,27.11
1627680000.0,27.11
1627680300.0,27.12
1627680600.0,27.12
1627680900.0,27.12
1627681200.0,27.12
1627681500.0,27.11
1627681800.0,27.12
1627682100.0,27.12
1627682400.0,27.13
1627682700.0,27.11
1627683000.0,27.11
1627683300.0,27.12
1627683600.0,27.11
1627683900.0,27.12
1627684200.0,27.12
1627684500.0,27.11
1627684800.0,27.11
1627685100.0,27.11
1627685400.0,27.11
1627685700.0,27.12
1627686000.0,27.11
1627686300.0,27.11
1627686600.0,27.12
1627686900.0,27.12
1627687200.0,27.11
1627687500.0,27.11
1627687800.0,27.11
1627688100.0,27.11
1627688400.0,27.12
1627688700.0,27.11
1627689000.0,27.11
1627689300.0,27.12
1627689600.0,27.11
1627689900.0,27.11
1627690200.0,27.12
1627690500.0,27.12
1627690800.0,27.12
1627691100.0,27.11
1627691400.0,27.11
1627691700.0,27.1
1627692000.0,27.1
1627692300.0,27.1
1627692600.0,27.1
1627692900.0,27.1
1627693200.0,27.11
1627693500.0,27.1
1627693800.0,27.1
1627694100.0,27.1
1627694400.0,27.1
1627694700.0,27.1
1627695000.0,27.1
1627695300.0,27.1
1627695600.0,27.1
1627695900.0,27.11
1627696200.0,27.12
1627696500.0,27.12
1627696800.0,27.12
1627697100.0,27.12
1627697400.0,27.12
1627697700.0,27.12
1627698000.0,27.12
1627698300.0,27.12
1627698600.0,27.12
1627698900.0,27.12
1627699200.0,27.12
1627699500.0,27.12
1627699800.0,27.12
1627700100.0,27.12
1627700400.0,27.12
1627700700.0,27.12
1627701000.0,27.12
1627701300.0,27.12
1627701600.0,27.12
1627701900.0,27.1
1627702200.0,27.1
1627702500.0,27.1
1627702800.0,27.12
1627703100.0,27.1
1627703400.0,27.1
1627703700.0,27.1
1627704000.0,27.12
1627704300.0,27.12
1627704600.0,27.12
1627704900.0,27.11
1627705200.0,27.1
1627705500.0,27.11
1627705800.0,27.11
1627706100.0,27.1
1627706400.0,27.1
1627706700.0,27.11
1627707000.0,27.11
1627707300.0,27.11
1627707600.0,27.1
1627707900.0,27.1
1627708200.0,27.1
1627708500.0,27.12
1627708800.0,27.12
1627709100.0,27.12
1627709400.0,27.12
1627709700.0,27.12
1627710000.0,27.12
1627710300.0,27.11
1627710600.0,27.1
1627710900.0,27.11
1627711200.0,27.1
1627711500.0,27.11
1627711800.0,27.11
1627712100.0,27.11
1627712400.0,27.1
1627712700.0,27.11
1627713000.0,27.1
1627713300.0,27.1
1627713600.0,27.11
1627713900.0,27.11
1627714200.0,27.1
1627714500.0,27.11
1627714800.0,27.11
1627715100.0,27.1
1627715400.0,27.11
1627715700.0,27.11
1627716000.0,27.1
1627716300.0,27.1
1627716600.0,27.1
1627716900.0,27.11
1627717200.0,27.1
1627717500.0,27.11
1627717800.0,27.12
1627718100.0,27.1
1627718400.0,27.1
1627718700.0,27.1
1627719000.0,27.1
1627719000.0,27.1
1627719300.0,27.12
1627719600.0,27.1
1627719900.0,27.12
1627720200.0,27.11
1627720500.0,27.12
1627720800.0,27.1
1627721100.0,27.1
1627721400.0,27.11
1627721700.0,27.1
1627722000.0,27.1
1627722300.0,27.11
1627722600.0,27.11
1627722900.0,27.1
1627723200.0,27.11
1627723500.0,27.11
1627723800.0,27.12
1627724100.0,27.11
1627724400.0,27.1
1627724700.0,27.1
1627725000.0,27.1
1627725300.0,27.11
1627725600.0,27.1
1627725900.0,27.11
1627726200.0,27.1
1627726500.0,27.1
1627726800.0,27.09
1627727100.0,27.11
1627727400.0,27.11
1627727700.0,27.1
1627728000.0,27.12
1627728300.0,27.09
1627728600.0,27.09
1627728900.0,27.11
1627729200.0,27.09
1627729500.0,27.11
1627729800.0,27.11
1627730100.0,27.09
1627730400.0,27.09
1627730700.0,27.09
1627731000.0,27.1
1627731300.0,27.11
1627731600.0,27.11
1627731900.0,27.11
1627732200.0,27.11
1627732500.0,27.09
1627732800.0,27.09
1627733100.0,27.09
1627733400.0,27.09
1627733700.0,27.11
1627734000.0,27.11
1627734300.0,27.1
1627734600.0,27.09
1627734900.0,27.11
1627735200.0,27.11
1627735500.0,27.11
1627735800.0,27.11
1627736100.0,27.11
1627736400.0,27.1
1627736700.0,27.1
1627737000.0,27.1
1627737300.0,27.11
1627737600.0,27.1
1627737900.0,27.1
1627738200.0,27.11
1627738500.0,27.11
1627738800.0,27.11
1627739100.0,27.09
1627739400.0,27.11
1627739700.0,27.09
1627740000.0,27.09
1627740300.0,27.11
1627740600.0,27.11
1627740900.0,27.11
1627741200.0,27.1
1627741500.0,27.1
1627741800.0,27.1
1627742100.0,27.12
1627742400.0,27.12
1627742700.0,27.12
1627743000.0,27.11
1627743300.0,27.11
1627743600.0,27.11
1627743900.0,27.11
1627744200.0,27.12
1627744500.0,27.12
1627744800.0,27.11
1627745100.0,27.11
1627745400.0,27.11
1627745700.0,27.12
1627746000.0,27.1
1627746300.0,27.12
1627746600.0,27.12
1627746900.0,27.12
1627747200.0,27.12
1627747500.0,27.1
1627747800.0,27.1
1627748100.0,27.1
1627748400.0,27.1
1627748700.0,27.1
1627749000.0,27.1
1627749300.0,27.1
1627749600.0,27.11
1627749900.0,27.1
1627750200.0,27.11
1627750500.0,27.1
1627750800.0,27.1
1627751100.0,27.11
1627751400.0,27.11
1627751700.0,27.11
1627752000.0,27.1
1627752300.0,27.1
1627752600.0,27.1
1627752900.0,27.1
1627753200.0,27.11
1627753500.0,27.12
1627753800.0,27.11
1627754100.0,27.11
1627754400.0,27.11
1627754700.0,27.12
1627755000.0,27.11
1627755300.0,27.11
1627755600.0,27.1
1627755900.0,27.1
1627756200.0,27.1
1627756500.0,27.1
1627756800.0,27.1
1627757100.0,27.1
1627757400.0,27.1
1627757700.0,27.11
1627758000.0,27.1
1627758300.0,27.11
1627758600.0,27.11
1627758900.0,27.1
1627759200.0,27.11
1627759500.0,27.1
1627759800.0,27.11
1627760100.0,27.09
1627760400.0,27.09
1627760700.0,27.08
1627761000.0,27.09
1627761300.0,27.11
1627761600.0,27.1
1627761900.0,27.11
1627762200.0,27.11
1627762500.0,27.08
1627762800.0,27.08
1627763100.0,27.08
1627763400.0,27.08
1627763700.0,27.11
1627764000.0,27.09
1627764300.0,27.09
1627764600.0,27.09
1627764900.0,27.09
1627765200.0,27.11
1627765500.0,27.11
1627765800.0,27.11
1627766100.0,27.11
1627766400.0,27.08
1627766700.0,27.08
1627767000.0,27.08
1627767300.0,27.1
1627767600.0,27.09
1627767900.0,27.09
1627768200.0,27.09
1627768500.0,27.09
1627768800.0,27.09
1627769100.0,27.09
1627769400.0,27.09
1627769700.0,27.1
1627770000.0,27.09
1627770300.0,27.1
1627770600.0,27.11
1627770900.0,27.1
1627771200.0,27.1
1627771500.0,27.1
1627771800.0,27.11
1627772100.0,27.11
1627772400.0,27.11
1627772700.0,27.1
1627773000.0,27.1
1627773300.0,27.11
1627773600.0,27.11
1627773900.0,27.11
1627774200.0,27.1
1627774500.0,27.11
1627774800.0,27.11
1627775100.0,27.11
1627775400.0,27.1
1627775700.0,27.09
1627776000.0,27.09
1627776300.0,27.09
1627776600.0,27.09
1627776900.0,27.1
1627777200.0,27.09
1627777500.0,27.1
1627777800.0,27.1
1627778100.0,27.1
1627778400.0,27.1
1627778700.0,27.1
1627779000.0,27.1
1627779300.0,27.1
1627779600.0,27.1
1627779900.0,27.1
1627780200.0,27.1
1627780500.0,27.1
1627780800.0,27.1
1627781100.0,27.1
1627781400.0,27.1
1627781700.0,27.1
1627782000.0,27.1
1627782300.0,27.1
1627782600.0,27.1
1627782900.0,27.1
1627783200.0,27.09
1627783500.0,27.09
1627783800.0,27.09
1627784100.0,27.09
1627784400.0,27.09
1627784700.0,27.09
1627785000.0,27.09
1627785300.0,27.1
1627785600.0,27.09
1627785900.0,27.09
1627786200.0,27.09
1627786500.0,27.09
1627786800.0,27.09
1627787100.0,27.09
1627787400.0,27.09
1627787700.0,27.09
1627788000.0,27.09
1627788300.0,27.09
1627788600.0,27.1
1627788900.0,27.1
1627789200.0,27.1
1627789500.0,27.11
1627789800.0,27.11
1627790100.0,27.11
1627790400.0,27.11
1627790700.0,27.1
1627791000.0,27.11
1627791300.0,27.1
1627791600.0,27.11
1627791900.0,27.11
1627792200.0,27.11
1627792500.0,27.1
1627792800.0,27.1
1627793100.0,27.09
1627793400.0,27.09
1627793700.0,27.1
1627794000.0,27.1
1627794300.0,27.1
1627794600.0,27.09
1627794900.0,27.07
1627795200.0,27.07
1627795500.0,27.07
1627795800.0,27.08
1627796100.0,27.07
1627796400.0,27.07
1627796700.0,27.08
1627797000.0,27.08
1627797300.0,27.07
1627797600.0,27.07
1627797900.0,27.06
1627798200.0,27.08
1627798500.0,27.08
1627798800.0,27.06
1627799100.0,27.04
1627799400.0,27.05
1627799700.0,27.05
1627800000.0,27.04
1627800300.0,27.04
1627800600.0,27.05
1627800900.0,27.05
1627801200.0,27.04
1627801500.0,27.04
1627801800.0,27.04
1627802100.0,27.04
1627802400.0,27.05
1627802700.0,27.04
1627803000.0,27.04
1627803300.0,27.05
1627803600.0,27.05
1627803900.0,27.04
1627804200.0,27.05
1627804500.0,27.06
1627804800.0,27.06
1627805100.0,27.06
1627805400.0,27.09
1627805700.0,27.07
1627806000.0,27.1
1627806300.0,27.06
1627806600.0,27.06
1627806900.0,27.1
1627807200.0,27.06
1627807500.0,27.06
1627807800.0,27.1
1627808100.0,27.1
1627808400.0,27.11
1627808700.0,27.1
1627809000.0,27.1
1627809300.0,27.11
1627809600.0,27.11
1627809900.0,27.1
1627810200.0,27.1
1627810500.0,27.1
1627810800.0,27.11
1627811100.0,27.11
1627811400.0,27.1
1627811700.0,27.1
1627812000.0,27.1
1627812300.0,27.1
1627812600.0,27.11
1627812900.0,27.1
1627813200.0,27.1
1627813500.0,27.11
1627813800.0,27.11
1627814100.0,27.11
1627814400.0,27.12
1627814700.0,27.12
1627815000.0,27.12
1627815300.0,27.12
1627815600.0,27.11
1627815900.0,27.11
1627816200.0,27.11
1627816500.0,27.11
1627816800.0,27.1
1627817100.0,27.1
1627817400.0,27.1
1627817700.0,27.07
1627818000.0,27.1
1627818300.0,27.1
1627818600.0,27.06
1627818900.0,27.06
1627819200.0,27.05
1627819500.0,27.08
1627819800.0,27.08
1627820100.0,27.05
1627820400.0,27.05
1627820700.0,27.07
1627821000.0,27.08
1627821300.0,27.08
1627821600.0,27.06
1627821900.0,27.08
1627822200.0,27.07
1627822500.0,27.08
1627822800.0,27.07
1627823100.0,27.08
1627823400.0,27.08
1627823700.0,27.08
1627824000.0,27.07
1627824300.0,27.08
1627824600.0,27.07
1627824900.0,27.07
1627825200.0,27.08
1627825500.0,27.08
1627825800.0,27.07
1627826100.0,27.12
1627826400.0,27.09
1627826700.0,27.09
1627827000.0,27.1
1627827300.0,27.08
1627827600.0,27.06
1627827900.0,27.09
1627828200.0,27.06
1627828500.0,27.06
1627828800.0,27.09
1627829100.0,27.1
1627829400.0,27.1
1627829700.0,27.06
1627830000.0,27.1
1627830300.0,27.1
1627830600.0,27.12
1627830900.0,27.12
1627831200.0,27.12
1627831500.0,27.11
1627831800.0,27.11
1627832100.0,27.13
1627832400.0,27.11
1627832700.0,27.1
1627833000.0,27.1
1627833300.0,27.1
1627833600.0,27.1
1627833900.0,27.1
1627834200.0,27.11
1627834500.0,27.11
1627834800.0,27.1
1627835100.0,27.11
1627835400.0,27.1
1627835700.0,27.11
1627836000.0,27.11
1627836300.0,27.11
1627836600.0,27.11
1627836900.0,27.11
1627837200.0,27.12
1627837500.0,27.09
1627837800.0,27.09
1627838100.0,27.11
1627838400.0,27.11
1627838700.0,27.09
1627839000.0,27.11
1627839300.0,27.11
1627839600.0,27.12
1627839900.0,27.13
1627840200.0,27.13
1627840500.0,27.13
1627840800.0,27.11
1627841100.0,27.13
1627841400.0,27.09
1627841700.0,27.1
1627842000.0,27.13
1627842300.0,27.13
1627842600.0,27.12
1627842900.0,27.13
1627843200.0,27.12
1627843500.0,27.12
1627843800.0,27.12
1627844100.0,27.12
1627844400.0,27.11
1627844700.0,27.1
1627845000.0,27.13
1627845300.0,27.12
1627845600.0,27.12
1627845900.0,27.12
1627846200.0,27.12
1627846500.0,27.12
1627846800.0,27.1
1627847100.0,27.1
1627847400.0,27.12
1627847700.0,27.12
1627848000.0,27.12
1627848300.0,27.1
1627848600.0,27.1
1627848900.0,27.1
1627849200.0,27.1
1627849500.0,27.1
1627849800.0,27.1
1627850100.0,27.12
1627850400.0,27.12
1627850700.0,27.1
1627851000.0,27.1
1627851300.0,27.12
1627851600.0,27.12
1627851900.0,27.1
1627852200.0,27.12
1627852500.0,27.1
1627852800.0,27.12
1627853100.0,27.1
1627853400.0,27.1
1627853700.0,27.1
1627854000.0,27.1
1627854300.0,27.1
1627854600.0,27.12
1627854900.0,27.12
1627855200.0,27.1
1627855500.0,27.11
1627855800.0,27.11
1627856100.0,27.11
1627856400.0,27.1
1627856700.0,27.1
1627857000.0,27.1
1627857300.0,27.09
1627857600.0,27.09
1627857900.0,27.09
1627858200.0,27.09
1627858500.0,27.11
1627858800.0,27.09
1627859100.0,27.09
1627859400.0,27.09
1627859700.0,27.09
1627860000.0,27.09
1627860300.0,27.08
1627860600.0,27.09
1627860900.0,27.09
1627861200.0,27.09
1627861500.0,27.09
1627861800.0,27.09
1627862100.0,27.09
1627862400.0,27.09
1627862700.0,27.09
1627863000.0,27.09
1627863300.0,27.09
1627863600.0,27.09
1627863900.0,27.09
1627864200.0,27.09
1627864500.0,27.08
1627864800.0,27.1
1627865100.0,27.1
1627865400.0,27.1
1627865700.0,27.1
1627866000.0,27.1
1627866300.0,27.1
1627866600.0,27.08
1627866900.0,27.08
1627867200.0,27.08
1627867500.0,27.08
1627867800.0,27.08
1627868100.0,27.08
1627868400.0,27.1
1627868700.0,27.1
1627868700.0,27.1
1627869000.0,27.1
1627869300.0,27.1
1627869600.0,27.1
1627869900.0,27.1
1627870200.0,27.08
1627870500.0,27.08
1627870800.0,27.08
1627871100.0,27.08
1627871400.0,27.08
1627871700.0,27.1
1627872000.0,27.1
1627872300.0,27.1
1627872600.0,27.1
1627872900.0,27.1
1627873200.0,27.1
1627873500.0,27.1
1627873800.0,27.09
1627874100.0,27.09
1627874400.0,27.09
1627874700.0,27.09
1627875000.0,27.1
1627875300.0,27.1
1627875600.0,27.1
1627875900.0,27.09
1627876200.0,27.09
1627876500.0,27.09
1627876800.0,27.1
1627877100.0,27.1
1627877400.0,27.1
1627877700.0,27.11
1627878000.0,27.12
1627878300.0,27.12
1627878600.0,27.1
1627878900.0,27.1
1627879200.0,27.1
1627879500.0,27.12
1627879800.0,27.12
1627880100.0,27.12
1627880400.0,27.1
1627880700.0,27.1
1627881000.0,27.1
1627881300.0,27.1
1627881600.0,27.1
1627881900.0,27.12
1627882200.0,27.1
1627882500.0,27.1
1627882800.0,27.12
1627883100.0,27.12
1627883400.0,27.1
1627883700.0,27.1
1627884000.0,27.12
1627884300.0,27.12
1627884600.0,27.12
1627884900.0,27.12
1627885200.0,27.1
1627885500.0,27.1
1627885800.0,27.12
1627886100.0,27.1
1627886400.0,27.11
1627886700.0,27.1
1627887000.0,27.1
1627887300.0,27.1
1627887600.0,27.1
1627887900.0,27.12
1627888200.0,27.12
1627888500.0,27.13
1627888800.0,27.13
1627889100.0,27.13
1627889400.0,27.11
1627889700.0,27.13
1627890000.0,27.11
1627890300.0,27.13
1627890600.0,27.15
1627890900.0,27.15
1627891200.0,27.15
1627891500.0,27.15
1627891800.0,27.14
1627892100.0,27.15
1627892400.0,27.15
1627892700.0,27.14
1627893000.0,27.15
1627893300.0,27.15
1627893600.0,27.17
1627893900.0,27.14
1627894200.0,27.18
1627894500.0,27.18
1627894800.0,27.19
1627895100.0,27.19
1627895400.0,27.19
1627895700.0,27.2
1627896000.0,27.2
1627896300.0,27.2
1627896600.0,27.19
1627896900.0,27.19
1627897200.0,27.2
1627897500.0,27.2
1627897800.0,27.19
1627898100.0,27.19
1627898400.0,27.2
1627898700.0,27.2
1627899000.0,27.19
1627899300.0,27.19
1627899600.0,27.19
1627899900.0,27.19
1627900200.0,27.19
1627900500.0,27.2
1627900800.0,27.2
1627901100.0,27.2
1627901400.0,27.2
1627901700.0,27.2
1627902000.0,27.2
1627902300.0,27.2
1627902600.0,27.2
1627902900.0,27.2
1627903200.0,27.2
1627903500.0,27.19
1627903800.0,27.19
1627904100.0,27.2
1627904400.0,27.19
1627904700.0,27.17
1627905000.0,27.14
1627905300.0,27.12
1627905600.0,27.13
1627905900.0,27.12
1627906200.0,27.14
1627906500.0,27.11
1627906800.0,27.12
1627907100.0,27.12
1627907400.0,27.13
1627907700.0,27.14
1627908000.0,27.13
1627908300.0,27.15
1627908600.0,27.15
1627908900.0,27.15
1627909200.0,27.15
1627909500.0,27.15
1627909800.0,27.14
1627910100.0,27.13
1627910400.0,27.14
1627910700.0,27.14
1627911000.0,27.15
1627911300.0,27.14
1627911600.0,27.14
1627911900.0,27.13
1627912200.0,27.14
1627912500.0,27.13
1627912800.0,27.13
1627913100.0,27.14
1627913400.0,27.14
1627913700.0,27.14
1627914000.0,27.13
1627914300.0,27.13
1627914600.0,27.12
1627914900.0,27.13
1627915200.0,27.12
1627915500.0,27.12
1627915800.0,27.12
1627916100.0,27.12
1627916400.0,27.12
1627916700.0,27.13
1627917000.0,27.14
1627917300.0,27.15
1627917600.0,27.14
1627917900.0,27.14
1627918200.0,27.13
1627918500.0,27.13
1627918800.0,27.15
1627919100.0,27.14
1627919400.0,27.14
1627919700.0,27.14
1627920000.0,27.15
1627920300.0,27.14
1627920600.0,27.14
1627920900.0,27.13
1627921200.0,27.15
1627921500.0,27.14
1627921800.0,27.14
1627922100.0,27.15
1627922400.0,27.15
1627922700.0,27.15
1627923000.0,27.13
1627923300.0,27.13
1627923600.0,27.14
1627923900.0,27.15
1627924200.0,27.15
1627924500.0,27.13
1627924800.0,27.11
1627925100.0,27.11
1627925400.0,27.14
1627925700.0,27.14
1627926000.0,27.14
1627926300.0,27.15
1627926600.0,27.14
1627926900.0,27.14
1627927200.0,27.13
1627927500.0,27.14
1627927800.0,27.15
1627928100.0,27.15
1627928400.0,27.14
1627928700.0,27.15
1627929000.0,27.15
1627929300.0,27.15
1627929600.0,27.15
1627929900.0,27.15
1627930200.0,27.14
1627930500.0,27.14
1627930800.0,27.14
1627931100.0,27.14
1627931400.0,27.14
1627931700.0,27.14
1627932000.0,27.13
1627932300.0,27.15
1627932600.0,27.15
1627932900.0,27.15
1627933200.0,27.13
1627933500.0,27.13
1627933800.0,27.14
1627934100.0,27.14
1627934400.0,27.14
1627934700.0,27.14
1627935000.0,27.14
1627935300.0,27.14
1627935600.0,27.14
1627935900.0,27.13
1627936200.0,27.13
1627936500.0,27.14
1627936800.0,27.13
1627937100.0,27.14
1627937400.0,27.14
1627937700.0,27.15
1627938000.0,27.15
1627938300.0,27.14
1627938600.0,27.14
1627938900.0,27.15
1627939200.0,27.14
1627939500.0,27.14
1627939800.0,27.15
1627940100.0,27.15
1627940400.0,27.14
1627940700.0,27.16
1627941000.0,27.16
1627941300.0,27.15
1627941600.0,27.15
1627941900.0,27.15
1627942200.0,27.15
1627942500.0,27.15
1627942800.0,27.15
1627943100.0,27.15
1627943400.0,27.15
1627943700.0,27.16
1627944000.0,27.17
1627944300.0,27.17
1627944600.0,27.17
1627944900.0,27.15
1627945200.0,27.15
1627945500.0,27.15
1627945800.0,27.15
1627946100.0,27.15
1627946400.0,27.16
1627946700.0,27.16
1627947000.0,27.17
1627947300.0,27.17
1627947600.0,27.16
1627947900.0,27.16
1627948200.0,27.16
1627948500.0,27.16
1627948800.0,27.17
1627949100.0,27.17
1627949400.0,27.17
1627949700.0,27.15
1627950000.0,27.15
1627950300.0,27.15
1627950600.0,27.15
1627950900.0,27.15
1627951200.0,27.15
1627951500.0,27.15
1627951800.0,27.15
1627952100.0,27.15
1627952400.0,27.15
1627952700.0,27.15
1627953000.0,27.15
1627953300.0,27.15
1627953600.0,27.15
1627953900.0,27.15
1627954200.0,27.15
1627954500.0,27.15
1627954800.0,27.14
1627955100.0,27.14
1627955400.0,27.14
1627955700.0,27.14
1627956000.0,27.14
1627956300.0,27.14
1627956600.0,27.14
1627956900.0,27.14
1627957200.0,27.14
1627957500.0,27.14
1627957800.0,27.14
1627958100.0,27.14
1627958400.0,27.14
1627958700.0,27.14
1627959000.0,27.13
1627959300.0,27.13
1627959600.0,27.13
1627959900.0,27.12
1627960200.0,27.11
1627960500.0,27.11
1627960800.0,27.11
1627961100.0,27.11
1627961400.0,27.11
1627961700.0,27.11
1627962000.0,27.12
1627962300.0,27.12
1627962600.0,27.12
1627962900.0,27.12
1627963200.0,27.12
1627963500.0,27.11
1627963800.0,27.12
1627964100.0,27.12
1627964400.0,27.13
1627964700.0,27.13
1627965000.0,27.12
1627965300.0,27.12
1627965600.0,27.14
1627965900.0,27.13
1627966200.0,27.13
1627966500.0,27.14
1627966800.0,27.14
1627967100.0,27.13
1627967400.0,27.13
1627967700.0,27.13
1627968000.0,27.14
1627968300.0,27.15
1627968600.0,27.16
1627968900.0,27.14
1627969200.0,27.17
1627969500.0,27.17
1627969800.0,27.18
1627970100.0,27.18
1627970400.0,27.18
1627970700.0,27.17
1627971000.0,27.17
1627971300.0,27.17
1627971600.0,27.17
1627971900.0,27.18
1627972200.0,27.18
1627972500.0,27.17
1627972800.0,27.18
1627973100.0,27.17
1627973400.0,27.18
1627973700.0,27.18
1627974000.0,27.18
1627974300.0,27.17
1627974600.0,27.18
1627974900.0,27.18
1627975200.0,27.17
1627975500.0,27.17
1627975800.0,27.16
1627976100.0,27.17
1627976400.0,27.16
1627976700.0,27.17
1627977000.0,27.16
1627977300.0,27.16
1627977600.0,27.17
1627977900.0,27.18
1627978200.0,27.18
1627978500.0,27.18
1627978800.0,27.18
1627979100.0,27.17
1627979400.0,27.18
1627979700.0,27.17
1627980000.0,27.18
1627980300.0,27.18
1627980600.0,27.17
1627980900.0,27.18
1627981200.0,27.17
1627981500.0,27.18
1627981800.0,27.18
1627982100.0,27.18
1627982400.0,27.18
1627982700.0,27.17
1627983000.0,27.18
1627983300.0,27.17
1627983600.0,27.18
1627983900.0,27.17
1627984200.0,27.18
1627984500.0,27.17
1627984800.0,27.18
1627985100.0,27.17
1627985400.0,27.17
1627985700.0,27.16
1627986000.0,27.17
1627986300.0,27.17
1627986600.0,27.15
1627986900.0,27.18
1627987200.0,27.18
1627987500.0,27.18
1627987800.0,27.18
1627988100.0,27.18
1627988400.0,27.18
1627988700.0,27.17
1627989000.0,27.17
1627989300.0,27.17
1627989600.0,27.16
1627989900.0,27.16
1627990200.0,27.16
1627990500.0,27.15
1627990800.0,27.11
1627991100.0,27.11
1627991400.0,27.11
1627991700.0,27.12
1627992000.0,27.13
1627992300.0,27.12
1627992600.0,27.13
1627992900.0,27.13
1627993200.0,27.13
1627993500.0,27.13
1627993800.0,27.13
1627994100.0,27.12
1627994400.0,27.12
1627994700.0,27.13
1627995000.0,27.14
1627995300.0,27.13
1627995600.0,27.13
1627995900.0,27.13
1627996200.0,27.13
1627996500.0,27.14
1627996800.0,27.15
1627997100.0,27.14
1627997400.0,27.14
1627997700.0,27.14
1627998000.0,27.14
1627998300.0,27.12
1627998600.0,27.12
1627998900.0,27.13
1627999200.0,27.13
1627999500.0,27.13
1627999800.0,27.13
1628000100.0,27.13
1628000400.0,27.13
1628000700.0,27.13
1628001000.0,27.12
1628001300.0,27.12
1628001600.0,27.12
1628001900.0,27.12
1628002200.0,27.12
1628002500.0,27.11
1628002800.0,27.11
1628003100.0,27.12
1628003400.0,27.12
1628003700.0,27.12
1628004000.0,27.12
1628004300.0,27.11
1628004600.0,27.11
1628004900.0,27.11
1628005200.0,27.12
1628005500.0,27.11
1628005800.0,27.12
1628006100.0,27.12
1628006400.0,27.13
1628006700.0,27.13
1628007000.0,27.13
1628007300.0,27.13
1628007600.0,27.13
1628007900.0,27.13
1628008200.0,27.12
1628008500.0,27.13
1628008800.0,27.13
1628009100.0,27.13
1628009400.0,27.14
1628009700.0,27.13
1628010000.0,27.13
1628010300.0,27.13
1628010600.0,27.13
1628010900.0,27.13
1628011200.0,27.13
1628011500.0,27.12
1628011800.0,27.13
1628012100.0,27.12
1628012400.0,27.12
1628012700.0,27.12
1628013000.0,27.12
1628013300.0,27.12
1628013600.0,27.12
1628013900.0,27.12
1628014200.0,27.12
1628014500.0,27.12
1628014800.0,27.12
1628015100.0,27.12
1628015400.0,27.12
1628015700.0,27.11
1628016000.0,27.12
1628016300.0,27.13
1628016600.0,27.13
1628016900.0,27.12
1628017200.0,27.12
1628017500.0,27.12
1628017800.0,27.13
1628018100.0,27.12
1628018400.0,27.12
1628018400.0,27.12
1628018700.0,27.12
1628019000.0,27.13
1628019300.0,27.13
1628019600.0,27.13
1628019900.0,27.12
1628020200.0,27.12
1628020500.0,27.13
1628020800.0,27.12
1628021100.0,27.12
1628021400.0,27.12
1628021700.0,27.12
1628022000.0,27.13
1628022300.0,27.13
1628022600.0,27.12
1628022900.0,27.12
1628023200.0,27.12
1628023500.0,27.13
1628023800.0,27.13
1628024100.0,27.13
1628024400.0,27.12
1628024700.0,27.12
1628025000.0,27.13
1628025300.0,27.13
1628025600.0,27.13
1628025900.0,27.13
1628026200.0,27.13
1628026500.0,27.13
1628026800.0,27.13
1628027100.0,27.13
1628027400.0,27.12
1628027700.0,27.13
1628028000.0,27.12
1628028300.0,27.12
1628028600.0,27.12
1628028900.0,27.12
1628029200.0,27.13
1628029500.0,27.13
1628029800.0,27.13
1628030100.0,27.13
1628030400.0,27.13
1628030700.0,27.13
1628031000.0,27.13
1628031300.0,27.13
1628031600.0,27.12
1628031900.0,27.13
1628032200.0,27.12
1628032500.0,27.12
1628032800.0,27.12
1628033100.0,27.12
1628033400.0,27.12
1628033700.0,27.13
1628034000.0,27.12
1628034300.0,27.13
1628034600.0,27.13
1628034900.0,27.13
1628035200.0,27.13
1628035500.0,27.12
1628035800.0,27.13
1628036100.0,27.13
1628036400.0,27.13
1628036700.0,27.13
1628037000.0,27.13
1628037300.0,27.13
1628037600.0,27.13
1628037900.0,27.13
1628038200.0,27.13
1628038500.0,27.13
1628038800.0,27.13
1628039100.0,27.13
1628039400.0,27.13
1628039700.0,27.13
1628040000.0,27.13
1628040300.0,27.13
1628040600.0,27.13
1628040900.0,27.13
1628041200.0,27.13
1628041500.0,27.13
1628041800.0,27.13
1628042100.0,27.13
1628042400.0,27.13
1628042700.0,27.12
1628043000.0,27.12
1628043300.0,27.12
1628043600.0,27.12
1628043900.0,27.12
1628044200.0,27.12
1628044500.0,27.13
1628044800.0,27.12
1628045100.0,27.13
1628045400.0,27.13
1628045700.0,27.13
1628046000.0,27.13
1628046300.0,27.13
1628046600.0,27.13
1628046900.0,27.12
1628047200.0,27.13
1628047500.0,27.13
1628047800.0,27.13
1628048100.0,27.13
1628048400.0,27.13
1628048700.0,27.13
1628049000.0,27.13
1628049300.0,27.13
1628049600.0,27.13
1628049900.0,27.13
1628050200.0,27.12
1628050500.0,27.12
1628050800.0,27.13
1628051100.0,27.13
1628051400.0,27.13
1628051700.0,27.13
1628052000.0,27.13
1628052300.0,27.12
1628052600.0,27.12
1628052900.0,27.13
1628053200.0,27.13
1628053500.0,27.13
1628053800.0,27.14
1628054100.0,27.17
1628054400.0,27.17
1628054700.0,27.17
1628055000.0,27.17
1628055300.0,27.17
1628055600.0,27.17
1628055900.0,27.17
1628056200.0,27.17
1628056500.0,27.17
1628056800.0,27.17
1628057100.0,27.17
1628057400.0,27.17
1628057700.0,27.18
1628058000.0,27.17
1628058300.0,27.17
1628058600.0,27.17
1628058900.0,27.18
1628059200.0,27.16
1628059500.0,27.16
1628059800.0,27.16
1628060100.0,27.16
1628060400.0,27.16
1628060700.0,27.17
1628061000.0,27.16
1628061300.0,27.16
1628061600.0,27.16
1628061900.0,27.17
1628062200.0,27.17
1628062500.0,27.16
1628062800.0,27.17
1628063100.0,27.17
1628063400.0,27.17
1628063700.0,27.16
1628064000.0,27.17
1628064300.0,27.16
1628064600.0,27.17
1628064900.0,27.18
1628065200.0,27.18
1628065500.0,27.17
1628065800.0,27.18
1628066100.0,27.18
1628066400.0,27.16
1628066700.0,27.16
1628067000.0,27.17
1628067300.0,27.17
1628067600.0,27.17
1628067900.0,27.17
1628068200.0,27.17
1628068500.0,27.17
1628068800.0,27.17
1628069100.0,27.17
1628069400.0,27.17
1628069700.0,27.18
1628070000.0,27.17
1628070300.0,27.17
1628070600.0,27.18
1628070900.0,27.17
1628071200.0,27.17
1628071500.0,27.17
1628071800.0,27.17
1628072100.0,27.17
1628072400.0,27.17
1628072700.0,27.18
1628073000.0,27.17
1628073300.0,27.17
1628073600.0,27.18
1628073900.0,27.17
1628074200.0,27.17
1628074500.0,27.17
1628074800.0,27.17
1628075100.0,27.18
1628075400.0,27.18
1628075700.0,27.18
1628076000.0,27.18
1628076300.0,27.18
1628076600.0,27.19
1628076900.0,27.18
1628077200.0,27.18
1628077500.0,27.18
1628077800.0,27.17
1628078100.0,27.17
1628078400.0,27.17
1628078700.0,27.17
1628079000.0,27.17
1628079300.0,27.2
1628079600.0,27.2
1628079900.0,27.2
1628080200.0,27.2
1628080500.0,27.19
1628080800.0,27.18
1628081100.0,27.19
1628081400.0,27.19
1628081700.0,27.19
1628082000.0,27.18
1628082300.0,27.19
1628082600.0,27.18
1628082900.0,27.19
1628083200.0,27.19
1628083500.0,27.18
1628083800.0,27.18
1628084100.0,27.19
1628084400.0,27.18
1628084700.0,27.18
1628085000.0,27.19
1628085300.0,27.18
1628085600.0,27.18
1628085900.0,27.18
1628086200.0,27.19
1628086500.0,27.18
1628086800.0,27.19
1628087100.0,27.18
1628087400.0,27.17
1628087700.0,27.18
1628088000.0,27.17
1628088300.0,27.17
1628088600.0,27.18
1628088900.0,27.19
1628089200.0,27.17
1628089500.0,27.18
1628089800.0,27.18
1628090100.0,27.18
1628090400.0,27.18
1628090700.0,27.18
1628091000.0,27.18
1628091300.0,27.17
1628091600.0,27.18
1628091900.0,27.18
1628092200.0,27.18
1628092500.0,27.18
1628092800.0,27.18
1628093100.0,27.18
1628093400.0,27.17
1628093700.0,27.18
1628094000.0,27.18
1628094300.0,27.18
1628094600.0,27.17
1628094900.0,27.17
1628095200.0,27.17
1628095500.0,27.17
1628095800.0,27.18
1628096100.0,27.18
1628096400.0,27.18
1628096700.0,27.18
1628097000.0,27.17
1628097300.0,27.16
1628097600.0,27.17
1628097900.0,27.17
1628098200.0,27.18
1628098500.0,27.18
1628098800.0,27.18
1628099100.0,27.18
1628099400.0,27.17
1628099700.0,27.18
1628100000.0,27.17
1628100300.0,27.17
1628100600.0,27.17
1628100900.0,27.17
1628101200.0,27.18
1628101500.0,27.17
1628101800.0,27.18
1628102100.0,27.17
1628102400.0,27.18
1628102700.0,27.18
1628103000.0,27.17
1628103300.0,27.18
1628103600.0,27.18
1628103900.0,27.19
1628104200.0,27.18
1628104500.0,27.18
1628104800.0,27.19
1628105100.0,27.19
1628105400.0,27.19
1628105700.0,27.18
1628106000.0,27.18
1628106300.0,27.18
1628106600.0,27.18
1628106900.0,27.19
1628107200.0,27.18
1628107500.0,27.19
1628107800.0,27.19
1628108100.0,27.19
1628108400.0,27.19
1628108700.0,27.18
1628109000.0,27.19
1628109300.0,27.18
1628109600.0,27.19
1628109900.0,27.19
1628110200.0,27.19
1628110500.0,27.18
1628110800.0,27.19
1628111100.0,27.19
1628111400.0,27.19
1628111700.0,27.18
1628112000.0,27.19
1628112300.0,27.18
1628112600.0,27.2
1628112900.0,27.18
1628113200.0,27.18
1628113500.0,27.2
1628113800.0,27.2
1628114100.0,27.2
1628114400.0,27.21
1628114700.0,27.21
1628115000.0,27.24
1628115300.0,27.22
1628115600.0,27.22
1628115900.0,27.24
1628116200.0,27.27
1628116500.0,27.23
1628116800.0,27.23
1628117100.0,27.23
1628117400.0,27.23
1628117700.0,27.23
1628118000.0,27.23
1628118300.0,27.23
1628118600.0,27.23
1628118900.0,27.23
1628119200.0,27.23
1628119500.0,27.23
1628119800.0,27.23
1628120100.0,27.23
1628120400.0,27.23
1628120700.0,27.25
1628121000.0,27.25
1628121300.0,27.25
1628121600.0,27.25
1628121900.0,27.25
1628122200.0,27.25
1628122500.0,27.25
1628122800.0,27.25
1628123100.0,27.27
1628123400.0,27.27
1628123700.0,27.28
1628124000.0,27.25
1628124300.0,27.25
1628124600.0,27.25
1628124900.0,27.25
1628125200.0,27.25
1628125500.0,27.25
1628125800.0,27.25
1628126100.0,27.25
1628126400.0,27.25
1628126700.0,27.25
1628127000.0,27.25
1628127300.0,27.25
1628127600.0,27.25
1628127900.0,27.25
1628128200.0,27.25
1628128500.0,27.25
1628128800.0,27.25
1628129100.0,27.25
1628129400.0,27.25
1628129700.0,27.25
1628130000.0,27.25
1628130300.0,27.25
1628130600.0,27.25
1628130900.0,27.25
1628131200.0,27.25
1628131500.0,27.25
1628131800.0,27.25
1628132100.0,27.25
1628132400.0,27.25
1628132700.0,27.28
1628133000.0,27.28
1628133300.0,27.28
1628133600.0,27.28
1628133900.0,27.28
1628134200.0,27.28
1628134500.0,27.27
1628134800.0,27.28
1628135100.0,27.27
1628135400.0,27.26
1628135700.0,27.26
1628136000.0,27.25
1628136300.0,27.26
1628136600.0,27.25
1628136900.0,27.25
1628137200.0,27.25
1628137500.0,27.25
1628137800.0,27.25
1628138100.0,27.25
1628138400.0,27.25
1628138700.0,27.25
1628139000.0,27.25
1628139300.0,27.23
1628139600.0,27.24
1628139900.0,27.24
1628140200.0,27.24
1628140500.0,27.24
1628140800.0,27.25
1628141100.0,27.25
1628141400.0,27.26
1628141700.0,27.26
1628142000.0,27.25
1628142300.0,27.25
1628142600.0,27.27
1628142900.0,27.28
1628143200.0,27.28
1628143500.0,27.28
1628143800.0,27.28
1628144100.0,27.28
1628144400.0,27.28
1628144700.0,27.3
1628145000.0,27.28
1628145300.0,27.28
1628145600.0,27.28
1628145900.0,27.29
1628146200.0,27.31
1628146500.0,27.31
1628146800.0,27.31
1628147100.0,27.31
1628147400.0,27.31
1628147700.0,27.31
1628148000.0,27.31
1628148300.0,27.29
1628148600.0,27.31
1628148900.0,27.3
1628149200.0,27.3
1628149500.0,27.32
1628149800.0,27.35
1628150100.0,27.34
1628150400.0,27.34
1628150700.0,27.36
1628151000.0,27.36
1628151300.0,27.4
1628151600.0,27.34
1628151900.0,27.39
1628152200.0,27.39
1628152500.0,27.38
1628152800.0,27.37
1628153100.0,27.37
1628153400.0,27.39
1628153700.0,27.37
1628154000.0,27.39
1628154300.0,27.38
1628154600.0,27.39
1628154900.0,27.39
1628155200.0,27.39
1628155500.0,27.39
1628155800.0,27.38
1628156100.0,27.38
1628156400.0,27.38
1628156700.0,27.38
1628157000.0,27.39
1628157300.0,27.39
1628157600.0,27.4
1628157900.0,27.39
1628158200.0,27.39
1628158500.0,27.41
1628158800.0,27.41
1628159100.0,27.4
1628159400.0,27.4
1628159700.0,27.39
1628160000.0,27.4
1628160300.0,27.4
1628160600.0,27.42
1628160900.0,27.4
1628161200.0,27.42
1628161500.0,27.42
1628161800.0,27.41
1628162100.0,27.42
1628162400.0,27.4
1628162700.0,27.4
1628163000.0,27.4
1628163300.0,27.4
1628163600.0,27.39
1628163900.0,27.38
1628164200.0,27.38
1628164500.0,27.37
1628164800.0,27.37
1628165100.0,27.35
1628165400.0,27.34
1628165700.0,27.36
1628166000.0,27.31
1628166300.0,27.31
1628166600.0,27.3
1628166900.0,27.3
1628167200.0,27.31
1628167500.0,27.31
1628167800.0,27.31
1628168100.0,27.3
1628168100.0,27.3
1628168400.0,27.34
1628168700.0,27.31
1628169000.0,27.33
1628169300.0,27.33
1628169600.0,27.34
1628169900.0,27.36
1628170200.0,27.37
1628170500.0,27.39
1628170800.0,27.38
1628171100.0,27.38
1628171400.0,27.37
1628171700.0,27.35
1628172000.0,27.41
1628172300.0,27.37
1628172600.0,27.38
1628172900.0,27.38
1628173200.0,27.4
1628173500.0,27.39
1628173800.0,27.37
1628174100.0,27.38
1628174400.0,27.41
1628174700.0,27.39
1628175000.0,27.39
1628175300.0,27.39
1628175600.0,27.38
1628175900.0,27.38
1628176200.0,27.36
1628176500.0,27.35
1628176800.0,27.35
1628177100.0,27.35
1628177400.0,27.35
1628177700.0,27.35
1628178000.0,27.35
1628178300.0,27.35
1628178600.0,27.35
1628178900.0,27.36
1628179200.0,27.36
1628179500.0,27.36
1628179800.0,27.36
1628180100.0,27.36
1628180400.0,27.36
1628180700.0,27.36
1628181000.0,27.36
1628181300.0,27.35
1628181600.0,27.35
1628181900.0,27.37
1628182200.0,27.35
1628182500.0,27.37
1628182800.0,27.35
1628183100.0,27.37
1628183400.0,27.35
1628183700.0,27.36
1628184000.0,27.36
1628184300.0,27.36
1628184600.0,27.35
1628184900.0,27.36
1628185200.0,27.36
1628185500.0,27.36
1628185800.0,27.36
1628186100.0,27.35
1628186400.0,27.34
1628186700.0,27.35
1628187000.0,27.42
1628187300.0,27.34
1628187600.0,27.36
1628187900.0,27.36
1628188200.0,27.36
1628188500.0,27.36
1628188800.0,27.37
1628189100.0,27.39
1628189400.0,27.38
1628189700.0,27.39
1628190000.0,27.39
1628190300.0,27.4
1628190600.0,27.38
1628190900.0,27.38
1628191200.0,27.38
1628191500.0,27.36
1628191800.0,27.34
1628192100.0,27.36
1628192400.0,27.34
1628192700.0,27.36
1628193000.0,27.34
1628193300.0,27.34
1628193600.0,27.34
1628193900.0,27.36
1628194200.0,27.34
1628194500.0,27.33
1628194800.0,27.32
1628195100.0,27.32
1628195400.0,27.31
1628195700.0,27.31
1628196000.0,27.31
1628196300.0,27.31
1628196600.0,27.32
1628196900.0,27.32
1628197200.0,27.32
1628197500.0,27.32
1628197800.0,27.32
1628198100.0,27.32
1628198400.0,27.32
1628198700.0,27.31
1628199000.0,27.32
1628199300.0,27.32
1628199600.0,27.31
1628199900.0,27.32
1628200200.0,27.32
1628200500.0,27.32
1628200800.0,27.32
1628201100.0,27.33
1628201400.0,27.33
1628201700.0,27.33
1628202000.0,27.33
1628202300.0,27.33
1628202600.0,27.31
1628202900.0,27.31
1628203200.0,27.31
1628203500.0,27.31
1628203800.0,27.33
1628204100.0,27.33
1628204400.0,27.31
1628204700.0,27.31
1628205000.0,27.31
1628205300.0,27.31
1628205600.0,27.31
1628205900.0,27.31
1628206200.0,27.31
1628206500.0,27.31
1628206800.0,27.31
1628207100.0,27.33
1628207400.0,27.33
1628207700.0,27.33
1628208000.0,27.31
1628208300.0,27.3
1628208600.0,27.3
1628208900.0,27.3
1628209200.0,27.3
1628209500.0,27.3
1628209800.0,27.3
1628210100.0,27.29
1628210400.0,27.29
1628210700.0,27.3
1628211000.0,27.3
1628211300.0,27.29
1628211600.0,27.3
1628211900.0,27.3
1628212200.0,27.3
1628212500.0,27.3
1628212800.0,27.3
1628213100.0,27.3
1628213400.0,27.3
1628213700.0,27.3
1628214000.0,27.3
1628214300.0,27.3
1628214600.0,27.3
1628214900.0,27.3
1628215200.0,27.3
1628215500.0,27.3
1628215800.0,27.29
1628216100.0,27.3
1628216400.0,27.3
1628216700.0,27.3
1628217000.0,27.3
1628217300.0,27.3
1628217600.0,27.29
1628217900.0,27.3
1628218200.0,27.29
1628218500.0,27.3
1628218800.0,27.3
1628219100.0,27.3
1628219400.0,27.3
1628219700.0,27.3
1628220000.0,27.3
1628220300.0,27.3
1628220600.0,27.29
1628220900.0,27.3
1628221200.0,27.3
1628221500.0,27.3
1628221800.0,27.29
1628222100.0,27.3
1628222400.0,27.3
1628222700.0,27.3
1628223000.0,27.3
1628223300.0,27.3
1628223600.0,27.3
1628223900.0,27.3
1628224200.0,27.3
1628224500.0,27.31
1628224800.0,27.31
1628225100.0,27.31
1628225400.0,27.31
1628225700.0,27.31
1628226000.0,27.31
1628226300.0,27.3
1628226600.0,27.3
1628226900.0,27.31
1628227200.0,27.31
1628227500.0,27.31
1628227800.0,27.31
1628228100.0,27.31
1628228400.0,27.31
1628228700.0,27.31
1628229000.0,27.32
1628229300.0,27.32
1628229600.0,27.32
1628229900.0,27.33
1628230200.0,27.33
1628230500.0,27.34
1628230800.0,27.34
1628231100.0,27.35
1628231400.0,27.34
1628231700.0,27.33
1628232000.0,27.34
1628232300.0,27.35
1628232600.0,27.35
1628232900.0,27.34
1628233200.0,27.36
1628233500.0,27.36
1628233800.0,27.34
1628234100.0,27.35
1628234400.0,27.35
1628234700.0,27.35
1628235000.0,27.35
1628235300.0,27.36
1628235600.0,27.36
1628235900.0,27.36
1628236200.0,27.36
1628236500.0,27.35
1628236800.0,27.35
1628237100.0,27.36
1628237400.0,27.36
1628237700.0,27.34
1628238000.0,27.31
1628238300.0,27.31
1628238600.0,27.35
1628238900.0,27.34
1628239200.0,27.35
1628239500.0,27.36
1628239800.0,27.34
1628240100.0,27.34
1628240400.0,27.36
1628240700.0,27.34
1628241000.0,27.35
1628241300.0,27.35
1628241600.0,27.35
1628241900.0,27.35
1628242200.0,27.36
1628242500.0,27.36
1628242800.0,27.34
1628243100.0,27.37
1628243400.0,27.35
1628243700.0,27.36
1628244000.0,27.36
1628244300.0,27.36
1628244600.0,27.35
1628244900.0,27.36
1628245200.0,27.36
1628245500.0,27.35
1628245800.0,27.36
1628246100.0,27.36
1628246400.0,27.36
1628246700.0,27.36
1628247000.0,27.37
1628247300.0,27.36
1628247600.0,27.37
1628247900.0,27.36
1628248200.0,27.36
1628248500.0,27.36
1628248800.0,27.37
1628249100.0,27.37
1628249400.0,27.36
1628249700.0,27.37
1628250000.0,27.37
1628250300.0,27.36
1628250600.0,27.35
1628250900.0,27.35
1628251200.0,27.35
1628251500.0,27.33
1628251800.0,27.32
1628252100.0,27.31
1628252400.0,27.3
1628252700.0,27.3
1628253000.0,27.31
1628253300.0,27.31
1628253600.0,27.33
1628253900.0,27.33
1628254200.0,27.31
1628254500.0,27.3
1628254800.0,27.31
1628255100.0,27.31
1628255400.0,27.31
1628255700.0,27.29
1628256000.0,27.29
1628256300.0,27.28
1628256600.0,27.27
1628256900.0,27.28
1628257200.0,27.27
1628257500.0,27.25
1628257800.0,27.25
1628258100.0,27.21
1628258400.0,27.25
1628258700.0,27.25
1628259000.0,27.24
1628259300.0,27.3
1628259600.0,27.26
1628259900.0,27.25
1628260200.0,27.28
1628260500.0,27.28
1628260800.0,27.26
1628261100.0,27.26
1628261400.0,27.26
1628261700.0,27.25
1628262000.0,27.25
1628262300.0,27.25
1628262600.0,27.23
1628262900.0,27.23
1628263200.0,27.22
1628263500.0,27.23
1628263800.0,27.24
1628264100.0,27.23
1628264400.0,27.23
1628264700.0,27.25
1628265000.0,27.24
1628265300.0,27.25
1628265600.0,27.21
1628265900.0,27.18
1628266200.0,27.19
1628266500.0,27.19
1628266800.0,27.22
1628267100.0,27.22
1628267400.0,27.24
1628267700.0,27.25
1628268000.0,27.25
1628268300.0,27.29
1628268600.0,27.3
1628268900.0,27.3
1628269200.0,27.3
1628269500.0,27.27
1628269800.0,27.28
1628270100.0,27.27
1628270400.0,27.26
1628270700.0,27.27
1628271000.0,27.23
1628271300.0,27.25
1628271600.0,27.27
1628271900.0,27.24
1628272200.0,27.23
1628272500.0,27.24
1628272800.0,27.23
1628273100.0,27.24
1628273400.0,27.24
1628273700.0,27.26
1628274000.0,27.26
1628274300.0,27.26
1628274600.0,27.25
1628274900.0,27.22
1628275200.0,27.23
1628275500.0,27.26
1628275800.0,27.27
1628276100.0,27.27
1628276400.0,27.27
1628276700.0,27.27
1628277000.0,27.26
1628277300.0,27.27
1628277600.0,27.26
1628277900.0,27.28
1628278200.0,27.27
1628278500.0,27.28
1628278800.0,27.27
1628279100.0,27.27
1628279400.0,27.27
1628279700.0,27.26
1628280000.0,27.27
1628280300.0,27.25
1628280600.0,27.25
1628280900.0,27.24
1628281200.0,27.23
1628281500.0,27.26
1628281800.0,27.24
1628282100.0,27.25
1628282400.0,27.28
1628282700.0,27.27
1628283000.0,27.27
1628283300.0,27.29
1628283600.0,27.31
1628283900.0,27.28
1628284200.0,27.3
1628284500.0,27.29
1628284800.0,27.31
1628285100.0,27.31
1628285400.0,27.3
1628285700.0,27.29
1628286000.0,27.29
1628286300.0,27.28
1628286600.0,27.29
1628286900.0,27.29
1628287200.0,27.29
1628287500.0,27.26
1628287800.0,27.25
1628288100.0,27.25
1628288400.0,27.26
1628288700.0,27.26
1628289000.0,27.26
1628289300.0,27.26
1628289600.0,27.29
1628289900.0,27.29
1628290200.0,27.24
1628290500.0,27.27
1628290800.0,27.28
1628291100.0,27.28
1628291400.0,27.27
1628291700.0,27.27
1628292000.0,27.27
1628292300.0,27.27
1628292600.0,27.25
1628292900.0,27.25
1628293200.0,27.25
1628293500.0,27.25
1628293800.0,27.24
1628294100.0,27.24
1628294400.0,27.23
1628294700.0,27.22
1628295000.0,27.22
1628295300.0,27.22
1628295600.0,27.22
1628295900.0,27.22
1628296200.0,27.22
1628296500.0,27.23
1628296800.0,27.23
1628297100.0,27.23
1628297400.0,27.22
1628297700.0,27.22
1628298000.0,27.24
1628298300.0,27.24
1628298600.0,27.24
1628298900.0,27.23
1628299200.0,27.23
1628299500.0,27.23
1628299800.0,27.23
1628300100.0,27.25
1628300400.0,27.25
1628300700.0,27.25
1628301000.0,27.24
1628301300.0,27.25
1628301600.0,27.26
1628301900.0,27.26
1628302200.0,27.26
1628302500.0,27.27
1628302800.0,27.23
1628303100.0,27.22
1628303400.0,27.17
1628303700.0,27.17
1628304000.0,27.17
1628304300.0,27.2
1628304600.0,27.2
1628304900.0,27.17
1628305200.0,27.17
1628305500.0,27.17
1628305800.0,27.16
1628306100.0,27.17
1628306400.0,27.17
1628306700.0,27.16
1628307000.0,27.15
1628307300.0,27.15
1628307600.0,27.16
1628307900.0,27.15
1628308200.0,27.15
1628308500.0,27.15
1628308800.0,27.15
1628309100.0,27.15
1628309400.0,27.16
1628309700.0,27.14
1628310000.0,27.14
1628310300.0,27.16
1628310600.0,27.14
1628310900.0,27.14
1628311200.0,27.16
1628311500.0,27.17
1628311800.0,27.17
1628312100.0,27.18
1628312400.0,27.17
1628312700.0,27.18
1628313000.0,27.18
1628313300.0,27.18
1628313600.0,27.18
1628313900.0,27.2
1628314200.0,27.19
1628314500.0,27.19
1628314800.0,27.23
1628315100.0,27.22
1628315400.0,27.24
1628315700.0,27.24
1628316000.0,27.26
1628316300.0,27.26
1628316600.0,27.24
1628316900.0,27.24
1628317200.0,27.24
1628317500.0,27.24
1628317800.0,27.25
1628317800.0,27.25
1628318100.0,27.25
1628318400.0,27.24
1628318700.0,27.24
1628319000.0,27.25
1628319300.0,27.25
1628319600.0,27.24
1628319900.0,27.19
1628320200.0,27.19
1628320500.0,27.17
1628320800.0,27.15
1628321100.0,27.15
1628321400.0,27.19
1628321700.0,27.2
1628322000.0,27.2
1628322300.0,27.21
1628322600.0,27.25
1628322900.0,27.25
1628323200.0,27.29
1628323500.0,27.3
1628323800.0,27.31
1628324100.0,27.3
1628324400.0,27.27
1628324700.0,27.27
1628325000.0,27.28
1628325300.0,27.29
1628325600.0,27.3
1628325900.0,27.3
1628326200.0,27.28
1628326500.0,27.29
1628326800.0,27.3
1628327100.0,27.31
1628327400.0,27.33
1628327700.0,27.3
1628328000.0,27.29
1628328300.0,27.27
1628328600.0,27.27
1628328900.0,27.26
1628329200.0,27.25
1628329500.0,27.23
1628329800.0,27.23
1628330100.0,27.23
1628330400.0,27.23
1628330700.0,27.18
1628331000.0,27.19
1628331300.0,27.18
1628331600.0,27.19
1628331900.0,27.21
1628332200.0,27.21
1628332500.0,27.23
1628332800.0,27.22
1628333100.0,27.22
1628333400.0,27.24
1628333700.0,27.24
1628334000.0,27.23
1628334300.0,27.23
1628334600.0,27.24
1628334900.0,27.24
1628335200.0,27.26
1628335500.0,27.25
1628335800.0,27.25
1628336100.0,27.25
1628336400.0,27.26
1628336700.0,27.25
1628337000.0,27.25
1628337300.0,27.25
1628337600.0,27.25
1628337900.0,27.25
1628338200.0,27.24
1628338500.0,27.24
1628338800.0,27.24
1628339100.0,27.25
1628339400.0,27.24
1628339700.0,27.24
1628340000.0,27.25
1628340300.0,27.24
1628340600.0,27.25
1628340900.0,27.25
1628341200.0,27.24
1628341500.0,27.24
1628341800.0,27.24
1628342100.0,27.25
1628342400.0,27.25
1628342700.0,27.27
1628343000.0,27.3
1628343300.0,27.27
1628343600.0,27.26
1628343900.0,27.26
1628344200.0,27.25
1628344500.0,27.25
1628344800.0,27.25
1628345100.0,27.25
1628345400.0,27.24
1628345700.0,27.23
1628346000.0,27.2
1628346300.0,27.2
1628346600.0,27.26
1628346900.0,27.21
1628347200.0,27.22
1628347500.0,27.22
1628347800.0,27.21
1628348100.0,27.21
1628348400.0,27.24
1628348700.0,27.24
1628349000.0,27.24
1628349300.0,27.24
1628349600.0,27.22
1628349900.0,27.21
1628350200.0,27.23
1628350500.0,27.23
1628350800.0,27.23
1628351100.0,27.25
1628351400.0,27.26
1628351700.0,27.26
1628352000.0,27.25
1628352300.0,27.25
1628352600.0,27.24
1628352900.0,27.24
1628353200.0,27.24
1628353500.0,27.24
1628353800.0,27.25
1628354100.0,27.25
1628354400.0,27.24
1628354700.0,27.23
1628355000.0,27.24
1628355300.0,27.22
1628355600.0,27.22
1628355900.0,27.23
1628356200.0,27.22
1628356500.0,27.19
1628356800.0,27.21
1628357100.0,27.19
1628357400.0,27.19
1628357700.0,27.21
1628358000.0,27.24
1628358300.0,27.26
1628358600.0,27.25
1628358900.0,27.26
1628359200.0,27.26
1628359500.0,27.29
1628359800.0,27.29
1628360100.0,27.25
1628360400.0,27.27
1628360700.0,27.27
1628361000.0,27.27
1628361300.0,27.27
1628361600.0,27.26
1628361900.0,27.27
1628362200.0,27.26
1628362500.0,27.24
1628362800.0,27.24
1628363100.0,27.24
1628363400.0,27.2
1628363700.0,27.24
1628364000.0,27.2
1628364300.0,27.24
1628364600.0,27.24
1628364900.0,27.25
1628365200.0,27.26
1628365500.0,27.26
1628365800.0,27.27
1628366100.0,27.25
1628366400.0,27.27
1628366700.0,27.27
1628367000.0,27.27
1628367300.0,27.25
1628367600.0,27.27
1628367900.0,27.28
1628368200.0,27.28
1628368500.0,27.28
1628368800.0,27.29
1628369100.0,27.29
1628369400.0,27.29
1628369700.0,27.31
1628370000.0,27.31
1628370300.0,27.32
1628370600.0,27.32
1628370900.0,27.32
1628371200.0,27.32
1628371500.0,27.32
1628371800.0,27.32
1628372100.0,27.3
1628372400.0,27.3
1628372700.0,27.3
1628373000.0,27.3
1628373300.0,27.3
1628373600.0,27.3
1628373900.0,27.29
1628374200.0,27.29
1628374500.0,27.29
1628374800.0,27.29
1628375100.0,27.29
1628375400.0,27.25
1628375700.0,27.24
1628376000.0,27.26
1628376300.0,27.24
1628376600.0,27.24
1628376900.0,27.24
1628377200.0,27.24
1628377500.0,27.24
1628377800.0,27.26
1628378100.0,27.26
1628378400.0,27.26
1628378700.0,27.26
1628379000.0,27.25
1628379300.0,27.25
1628379600.0,27.25
1628379900.0,27.25
1628380200.0,27.25
1628380500.0,27.25
1628380800.0,27.26
1628381100.0,27.26
1628381400.0,27.26
1628381700.0,27.31
1628382000.0,27.31
1628382300.0,27.29
1628382600.0,27.29
1628382900.0,27.28
1628383200.0,27.25
1628383500.0,27.25
1628383800.0,27.25
1628384100.0,27.25
1628384400.0,27.25
1628384700.0,27.27
1628385000.0,27.26
1628385300.0,27.25
1628385600.0,27.22
1628385900.0,27.21
1628386200.0,27.21
1628386500.0,27.21
1628386800.0,27.21
1628387100.0,27.21
1628387400.0,27.21
1628387700.0,27.21
1628388000.0,27.21
1628388300.0,27.21
1628388600.0,27.21
1628388900.0,27.21
1628389200.0,27.22
1628389500.0,27.21
1628389800.0,27.22
1628390100.0,27.24
1628390400.0,27.24
1628390700.0,27.24
1628391000.0,27.24
1628391300.0,27.24
1628391600.0,27.25
1628391900.0,27.24
1628392200.0,27.24
1628392500.0,27.26
1628392800.0,27.28
1628393100.0,27.28
1628393400.0,27.29
1628393700.0,27.29
1628394000.0,27.29
1628394300.0,27.27
1628394600.0,27.27
1628394900.0,27.29
1628395200.0,27.3
1628395500.0,27.3
1628395800.0,27.3
1628396100.0,27.28
1628396400.0,27.27
1628396700.0,27.27
1628397000.0,27.27
1628397300.0,27.27
1628397600.0,27.25
1628397900.0,27.24
1628398200.0,27.24
1628398500.0,27.24
1628398800.0,27.25
1628399100.0,27.24
1628399400.0,27.24
1628399700.0,27.24
1628400000.0,27.24
1628400300.0,27.24
1628400600.0,27.25
1628400900.0,27.25
1628401200.0,27.28
1628401500.0,27.26
1628401800.0,27.26
1628402100.0,27.26
1628402400.0,27.26
1628402700.0,27.26
1628403000.0,27.26
1628403300.0,27.25
1628403600.0,27.25
1628403900.0,27.25
1628404200.0,27.25
1628404500.0,27.25
1628404800.0,27.26
1628405100.0,27.26
1628405400.0,27.26
1628405700.0,27.25
1628406000.0,27.24
1628406300.0,27.25
1628406600.0,27.26
1628406900.0,27.25
1628407200.0,27.24
1628407500.0,27.24
1628407800.0,27.26
1628408100.0,27.25
1628408400.0,27.26
1628408700.0,27.26
1628409000.0,27.25
1628409300.0,27.25
1628409600.0,27.26
1628409900.0,27.26
1628410200.0,27.26
1628410500.0,27.26
1628410800.0,27.23
1628411100.0,27.26
1628411400.0,27.26
1628411700.0,27.26
1628412000.0,27.25
1628412300.0,27.26
1628412600.0,27.26
1628412900.0,27.26
1628413200.0,27.25
1628413500.0,27.25
1628413800.0,27.25
1628414100.0,27.26
1628414400.0,27.26
1628414700.0,27.27
1628415000.0,27.26
1628415300.0,27.25
1628415600.0,27.28
1628415900.0,27.29
1628416200.0,27.3
1628416500.0,27.29
1628416800.0,27.28
1628417100.0,27.31
1628417400.0,27.28
1628417700.0,27.29
1628418000.0,27.29
1628418300.0,27.27
1628418600.0,27.28
1628418900.0,27.26
1628419200.0,27.26
1628419500.0,27.26
1628419800.0,27.26
1628420100.0,27.25
1628420400.0,27.25
1628420700.0,27.25
1628421000.0,27.27
1628421300.0,27.28
1628421600.0,27.27
1628421900.0,27.28
1628422200.0,27.28
1628422500.0,27.27
1628422800.0,27.28
1628423100.0,27.3
1628423400.0,27.3
1628423700.0,27.3
1628424000.0,27.3
1628424300.0,27.29
1628424600.0,27.29
1628424900.0,27.32
1628425200.0,27.32
1628425500.0,27.29
1628425800.0,27.32
1628426100.0,27.3
1628426400.0,27.3
1628426700.0,27.32
1628427000.0,27.3
1628427300.0,27.3
1628427600.0,27.32
1628427900.0,27.32
1628428200.0,27.31
1628428500.0,27.31
1628428800.0,27.3
1628429100.0,27.26
1628429400.0,27.29
1628429700.0,27.29
1628430000.0,27.29
1628430300.0,27.3
1628430600.0,27.3
1628430900.0,27.28
1628431200.0,27.31
1628431500.0,27.31
1628431800.0,27.29
1628432100.0,27.29
1628432400.0,27.29
1628432700.0,27.29
1628433000.0,27.28
1628433300.0,27.28
1628433600.0,27.28
1628433900.0,27.29
1628434200.0,27.28
1628434500.0,27.3
1628434800.0,27.28
1628435100.0,27.28
1628435400.0,27.28
1628435700.0,27.3
1628436000.0,27.3
1628436300.0,27.3
1628436600.0,27.3
1628436900.0,27.3
1628437200.0,27.32
1628437500.0,27.32
1628437800.0,27.3
1628438100.0,27.31
1628438400.0,27.32
1628438700.0,27.3
1628439000.0,27.31
1628439300.0,27.33
1628439600.0,27.32
1628439900.0,27.33
1628440200.0,27.33
1628440500.0,27.32
1628440800.0,27.32
1628441100.0,27.32
1628441400.0,27.32
1628441700.0,27.32
1628442000.0,27.33
1628442300.0,27.32
1628442600.0,27.32
1628442900.0,27.33
1628443200.0,27.33
1628443500.0,27.32
1628443800.0,27.31
1628444100.0,27.29
1628444400.0,27.27
1628444700.0,27.28
1628445000.0,27.28
1628445300.0,27.28
1628445600.0,27.27
1628445900.0,27.27
1628446200.0,27.26
1628446500.0,27.28
1628446800.0,27.28
1628447100.0,27.26
1628447400.0,27.28
1628447700.0,27.28
1628448000.0,27.28
1628448300.0,27.28
1628448600.0,27.28
1628448900.0,27.28
1628449200.0,27.28
1628449500.0,27.27
1628449800.0,27.28
1628450100.0,27.27
1628450400.0,27.24
1628450700.0,27.24
1628451000.0,27.27
1628451300.0,27.27
1628451600.0,27.28
1628451900.0,27.28
1628452200.0,27.28
1628452500.0,27.27
1628452800.0,27.26
1628453100.0,27.26
1628453400.0,27.28
1628453700.0,27.28
1628454000.0,27.28
1628454300.0,27.28
1628454600.0,27.28
1628454900.0,27.3
1628455200.0,27.3
1628455500.0,27.32
1628455800.0,27.3
1628456100.0,27.3
1628456400.0,27.3
1628456700.0,27.3
1628457000.0,27.3
1628457300.0,27.31
1628457600.0,27.3
1628457900.0,27.3
1628458200.0,27.3
1628458500.0,27.32
1628458800.0,27.32
1628459100.0,27.32
1628459400.0,27.32
1628459700.0,27.3
1628460000.0,27.33
1628460300.0,27.33
1628460600.0,27.33
1628460900.0,27.33
1628461200.0,27.33
1628461500.0,27.33
1628461800.0,27.34
1628462100.0,27.34
1628462400.0,27.34
1628462700.0,27.34
1628463000.0,27.32
1628463300.0,27.32
1628463600.0,27.31
1628463900.0,27.3
1628464200.0,27.3
1628464500.0,27.3
1628464800.0,27.3
1628465100.0,27.3
1628465400.0,27.3
1628465700.0,27.3
1628466000.0,27.3
1628466300.0,27.32
1628466600.0,27.32
1628466900.0,27.32
1628467200.0,27.3
1628467500.0,27.3
1628467500.0,27.3
1628467800.0,27.3
1628468100.0,27.3
1628468400.0,27.3
1628468700.0,27.29
1628469000.0,27.3
1628469300.0,27.3
1628469600.0,27.3
1628469900.0,27.3
1628470200.0,27.3
1628470500.0,27.3
1628470800.0,27.3
1628471100.0,27.3
1628471400.0,27.3
1628471700.0,27.3
1628472000.0,27.3
1628472300.0,27.3
1628472600.0,27.3
1628472900.0,27.3
1628473200.0,27.3
1628473500.0,27.3
1628473800.0,27.3
1628474100.0,27.3
1628474400.0,27.3
1628474700.0,27.3
1628475000.0,27.29
1628475300.0,27.3
1628475600.0,27.3
1628475900.0,27.3
1628476200.0,27.3
1628476500.0,27.3
1628476800.0,27.3
1628477100.0,27.3
1628477400.0,27.3
1628477700.0,27.3
1628478000.0,27.3
1628478300.0,27.3
1628478600.0,27.3
1628478900.0,27.3
1628479200.0,27.3
1628479500.0,27.3
1628479800.0,27.29
1628480100.0,27.29
1628480400.0,27.29
1628480700.0,27.29
1628481000.0,27.29
1628481300.0,27.29
1628481600.0,27.29
1628481900.0,27.29
1628482200.0,27.29
1628482500.0,27.29
1628482800.0,27.29
1628483100.0,27.29
1628483400.0,27.3
1628483700.0,27.31
1628484000.0,27.31
1628484300.0,27.31
1628484600.0,27.31
1628484900.0,27.31
1628485200.0,27.3
1628485500.0,27.29
1628485800.0,27.29
1628486100.0,27.3
1628486400.0,27.3
1628486700.0,27.3
1628487000.0,27.3
1628487300.0,27.29
1628487600.0,27.29
1628487900.0,27.29
1628488200.0,27.29
1628488500.0,27.29
1628488800.0,27.3
1628489100.0,27.3
1628489400.0,27.29
1628489700.0,27.3
1628490000.0,27.3
1628490300.0,27.3
1628490600.0,27.3
1628490900.0,27.29
1628491200.0,27.3
1628491500.0,27.3
1628491800.0,27.3
1628492100.0,27.29
1628492400.0,27.29
1628492700.0,27.32
1628493000.0,27.32
1628493300.0,27.29
1628493600.0,27.32
1628493900.0,27.34
1628494200.0,27.38
1628494500.0,27.38
1628494800.0,27.36
1628495100.0,27.36
1628495400.0,27.36
1628495700.0,27.35
1628496000.0,27.34
1628496300.0,27.33
1628496600.0,27.33
1628496900.0,27.34
1628497200.0,27.33
1628497500.0,27.33
1628497800.0,27.33
1628498100.0,27.32
1628498400.0,27.33
1628498700.0,27.32
1628499000.0,27.33
1628499300.0,27.32
1628499600.0,27.33
1628499900.0,27.33
1628500200.0,27.32
1628500500.0,27.32
1628500800.0,27.32
1628501100.0,27.32
1628501400.0,27.33
1628501700.0,27.32
1628502000.0,27.32
1628502300.0,27.32
1628502600.0,27.32
1628502900.0,27.31
1628503200.0,27.32
1628503500.0,27.32
1628503800.0,27.32
1628504100.0,27.32
1628504400.0,27.32
1628504700.0,27.31
1628505000.0,27.32
1628505300.0,27.32
1628505600.0,27.31
1628505900.0,27.32
1628506200.0,27.32
1628506500.0,27.32
1628506800.0,27.3
1628507100.0,27.3
1628507400.0,27.3
1628507700.0,27.31
1628508000.0,27.32
1628508300.0,27.32
1628508600.0,27.26
1628508900.0,27.23
1628509200.0,27.32
1628509500.0,27.33
1628509800.0,27.22
1628510100.0,27.23
1628510400.0,27.24
1628510700.0,27.28
1628511000.0,27.26
1628511300.0,27.24
1628511600.0,27.25
1628511900.0,27.23
1628512200.0,27.23
1628512500.0,27.23
1628512800.0,27.25
1628513100.0,27.25
1628513400.0,27.24
1628513700.0,27.25
1628514000.0,27.23
1628514300.0,27.23
1628514600.0,27.23
1628514900.0,27.22
1628515200.0,27.22
1628515500.0,27.21
1628515800.0,27.2
1628516100.0,27.18
1628516400.0,27.16
1628516700.0,27.18
1628517000.0,27.18
1628517300.0,27.18
1628517600.0,27.18
1628517900.0,27.18
1628518200.0,27.19
1628518500.0,27.21
1628518800.0,27.2
1628519100.0,27.22
1628519400.0,27.22
1628519700.0,27.25
1628520000.0,27.22
1628520300.0,27.25
1628520600.0,27.24
1628520900.0,27.21
1628521200.0,27.19
1628521500.0,27.19
1628521800.0,27.19
1628522100.0,27.2
1628522400.0,27.2
1628522700.0,27.19
1628523000.0,27.21
1628523300.0,27.21
1628523600.0,27.22
1628523900.0,27.21
1628524200.0,27.21
1628524500.0,27.21
1628524800.0,27.21
1628525100.0,27.21
1628525400.0,27.2
1628525700.0,27.2
1628526000.0,27.2
1628526300.0,27.2
1628526600.0,27.18
1628526900.0,27.18
1628527200.0,27.2
1628527500.0,27.19
1628527800.0,27.18
1628528100.0,27.17
1628528400.0,27.17
1628528700.0,27.18
1628529000.0,27.17
1628529300.0,27.16
1628529600.0,27.2
1628529900.0,27.2
1628530200.0,27.19
1628530500.0,27.2
1628530800.0,27.2
1628531100.0,27.2
1628531400.0,27.19
1628531700.0,27.19
1628532000.0,27.19
1628532300.0,27.21
1628532600.0,27.21
1628532900.0,27.2
1628533200.0,27.21
1628533500.0,27.21
1628533800.0,27.2
1628534100.0,27.21
1628534400.0,27.2
1628534700.0,27.19
1628535000.0,27.21
1628535300.0,27.2
1628535600.0,27.2
1628535900.0,27.2
1628536200.0,27.2
1628536500.0,27.2
1628536800.0,27.21
1628537100.0,27.2
1628537400.0,27.19
1628537700.0,27.21
1628538000.0,27.22
1628538300.0,27.23
1628538600.0,27.24
1628538900.0,27.23
1628539200.0,27.23
1628539500.0,27.23
1628539800.0,27.23
1628540100.0,27.22
1628540400.0,27.22
1628540700.0,27.22
1628541000.0,27.21
1628541300.0,27.21
1628541600.0,27.22
1628541900.0,27.22
1628542200.0,27.21
1628542500.0,27.21
1628542800.0,27.22
1628543100.0,27.26
1628543400.0,27.27
1628543700.0,27.3
1628544000.0,27.28
1628544300.0,27.28
1628544600.0,27.27
1628544900.0,27.3
1628545200.0,27.3
1628545500.0,27.3
1628545800.0,27.3
1628546100.0,27.27
1628546400.0,27.27
1628546700.0,27.27
1628547000.0,27.27
1628547300.0,27.27
1628547600.0,27.27
1628547900.0,27.26
1628548200.0,27.26
1628548500.0,27.27
1628548800.0,27.26
1628549100.0,27.26
1628549400.0,27.26
1628549700.0,27.26
1628550000.0,27.26
1628550300.0,27.26
1628550600.0,27.26
1628550900.0,27.26
1628551200.0,27.26
1628551500.0,27.26
1628551800.0,27.26
1628552100.0,27.26
1628552400.0,27.24
1628552700.0,27.24
1628553000.0,27.26
1628553300.0,27.25
1628553600.0,27.25
1628553900.0,27.24
1628554200.0,27.24
1628554500.0,27.24
1628554800.0,27.24
1628555100.0,27.24
1628555400.0,27.24
1628555700.0,27.24
1628556000.0,27.24
1628556300.0,27.24
1628556600.0,27.23
1628556900.0,27.23
1628557200.0,27.23
1628557500.0,27.23
1628557800.0,27.23
1628558100.0,27.23
1628558400.0,27.23
1628558700.0,27.23
1628559000.0,27.24
1628559300.0,27.24
1628559600.0,27.24
1628559900.0,27.24
1628560200.0,27.24
1628560500.0,27.24
1628560800.0,27.24
1628561100.0,27.24
1628561400.0,27.24
1628561700.0,27.24
1628562000.0,27.24
1628562300.0,27.24
1628562600.0,27.23
1628562900.0,27.23
1628563200.0,27.23
1628563500.0,27.23
1628563800.0,27.23
1628564100.0,27.23
1628564400.0,27.22
1628564700.0,27.22
1628565000.0,27.22
1628565300.0,27.22
1628565600.0,27.22
1628565900.0,27.22
1628566200.0,27.22
1628566500.0,27.22
1628566800.0,27.22
1628567100.0,27.22
1628567400.0,27.23
1628567700.0,27.23
1628568000.0,27.22
1628568300.0,27.22
1628568600.0,27.22
1628568900.0,27.22
1628569200.0,27.22
1628569500.0,27.22
1628569800.0,27.22
1628570100.0,27.22
1628570400.0,27.22
1628570700.0,27.22
1628571000.0,27.22
1628571300.0,27.21
1628571600.0,27.2
1628571900.0,27.2
1628572200.0,27.2
1628572500.0,27.2
1628572800.0,27.2
1628573100.0,27.2
1628573400.0,27.2
1628573700.0,27.22
1628574000.0,27.21
1628574300.0,27.21
1628574600.0,27.21
1628574900.0,27.2
1628575200.0,27.21
1628575500.0,27.2
1628575800.0,27.21
1628576100.0,27.21
1628576400.0,27.21
1628576700.0,27.21
1628577000.0,27.21
1628577300.0,27.21
1628577600.0,27.2
1628577900.0,27.21
1628578200.0,27.21
1628578500.0,27.21
1628578800.0,27.2
1628579100.0,27.21
1628579400.0,27.2
1628579700.0,27.2
1628580000.0,27.2
1628580300.0,27.2
1628580600.0,27.2
1628580900.0,27.2
1628581200.0,27.21
1628581500.0,27.21
1628581800.0,27.2
1628582100.0,27.2
1628582400.0,27.21
1628582700.0,27.21
1628583000.0,27.2
1628583300.0,27.21
1628583600.0,27.21
1628583900.0,27.21
1628584200.0,27.21
1628584500.0,27.21
1628584800.0,27.21
1628585100.0,27.21
1628585400.0,27.21
1628585700.0,27.2
1628586000.0,27.21
1628586300.0,27.2
1628586600.0,27.21
1628586900.0,27.2
1628587200.0,27.21
1628587500.0,27.21
1628587800.0,27.21
1628588100.0,27.21
1628588400.0,27.21
1628588700.0,27.2
1628589000.0,27.21
1628589300.0,27.21
1628589600.0,27.2
1628589900.0,27.2
1628590200.0,27.21
1628590500.0,27.21
1628590800.0,27.2
1628591100.0,27.21
1628591400.0,27.21
1628591700.0,27.19
1628592000.0,27.19
1628592300.0,27.21
1628592600.0,27.17
1628592900.0,27.17
1628593200.0,27.17
1628593500.0,27.17
1628593800.0,27.16
1628594100.0,27.16
1628594400.0,27.13
1628594700.0,27.13
1628595000.0,27.13
1628595300.0,27.15
1628595600.0,27.14
1628595900.0,27.1
1628596200.0,27.1
1628596500.0,27.13
1628596800.0,27.13
1628597100.0,27.11
1628597400.0,27.13
1628597700.0,27.13
1628598000.0,27.13
1628598300.0,27.19
1628598600.0,27.19
1628598900.0,27.17
1628599200.0,27.17
1628599500.0,27.15
1628599800.0,27.15
1628600100.0,27.14
1628600400.0,27.14
1628600700.0,27.15
1628601000.0,27.14
1628601300.0,27.13
1628601600.0,27.13
1628601900.0,27.13
1628602200.0,27.13
1628602500.0,27.13
1628602800.0,27.12
1628603100.0,27.13
1628603400.0,27.13
1628603700.0,27.1
1628604000.0,27.1
1628604300.0,27.07
1628604600.0,27.09
1628604900.0,27.12
1628605200.0,27.12
1628605500.0,27.12
1628605800.0,27.12
1628606100.0,27.16
1628606400.0,27.19
1628606700.0,27.18
1628607000.0,27.16
1628607300.0,27.14
1628607600.0,27.13
1628607900.0,27.12
1628608200.0,27.13
1628608500.0,27.13
1628608800.0,27.13
1628609100.0,27.13
1628609400.0,27.14
1628609700.0,27.14
1628610000.0,27.17
1628610300.0,27.17
1628610600.0,27.18
1628610900.0,27.18
1628611200.0,27.19
1628611500.0,27.2
1628611800.0,27.18
1628612100.0,27.18
1628612400.0,27.18
1628612700.0,27.16
1628613000.0,27.15
1628613300.0,27.17
1628613600.0,27.14
1628613900.0,27.14
1628614200.0,27.15
1628614500.0,27.14
1628614800.0,27.14
1628615100.0,27.14
1628615400.0,27.14
1628615700.0,27.15
1628616000.0,27.14
1628616300.0,27.15
1628616600.0,27.16
1628616900.0,27.14
1628617200.0,27.14
1628617200.0,27.14
1628617500.0,27.14
1628617800.0,27.19
1628618100.0,27.19
1628618400.0,27.19
1628618700.0,27.22
1628619000.0,27.22
1628619300.0,27.21
1628619600.0,27.2
1628619900.0,27.21
1628620200.0,27.22
1628620500.0,27.22
1628620800.0,27.23
1628621100.0,27.19
1628621400.0,27.19
1628621700.0,27.17
1628622000.0,27.15
1628622300.0,27.14
1628622600.0,27.14
1628622900.0,27.13
1628623200.0,27.14
1628623500.0,27.13
1628623800.0,27.14
1628624100.0,27.16
1628624400.0,27.14
1628624700.0,27.15
1628625000.0,27.16
1628625300.0,27.16
1628625600.0,27.16
1628625900.0,27.19
1628626200.0,27.19
1628626500.0,27.19
1628626800.0,27.18
1628627100.0,27.18
1628627400.0,27.2
1628627700.0,27.2
1628628000.0,27.2
1628628300.0,27.2
1628628600.0,27.19
1628628900.0,27.19
1628629200.0,27.19
1628629500.0,27.18
1628629800.0,27.15
1628630100.0,27.17
1628630400.0,27.16
1628630700.0,27.15
1628631000.0,27.16
1628631300.0,27.15
1628631600.0,27.16
1628631900.0,27.14
1628632200.0,27.14
1628632500.0,27.16
1628632800.0,27.16
1628633100.0,27.17
1628633400.0,27.17
1628633700.0,27.17
1628634000.0,27.16
1628634300.0,27.15
1628634600.0,27.15
1628634900.0,27.15
1628635200.0,27.15
1628635500.0,27.14
1628635800.0,27.14
1628636100.0,27.14
1628636400.0,27.14
1628636700.0,27.14
1628637000.0,27.14
1628637300.0,27.14
1628637600.0,27.13
1628637900.0,27.14
1628638200.0,27.12
1628638500.0,27.14
1628638800.0,27.14
1628639100.0,27.14
1628639400.0,27.14
1628639700.0,27.14
1628640000.0,27.14
1628640300.0,27.15
1628640600.0,27.15
1628640900.0,27.15
1628641200.0,27.14
1628641500.0,27.15
1628641800.0,27.15
1628642100.0,27.14
1628642400.0,27.14
1628642700.0,27.14
1628643000.0,27.14
1628643300.0,27.14
1628643600.0,27.15
1628643900.0,27.15
1628644200.0,27.15
1628644500.0,27.15
1628644800.0,27.15
1628645100.0,27.15
1628645400.0,27.15
1628645700.0,27.14
1628646000.0,27.15
1628646300.0,27.15
1628646600.0,27.15
1628646900.0,27.15
1628647200.0,27.15
1628647500.0,27.14
1628647800.0,27.14
1628648100.0,27.14
1628648400.0,27.14
1628648700.0,27.14
1628649000.0,27.14
1628649300.0,27.14
1628649600.0,27.14
1628649900.0,27.14
1628650200.0,27.14
1628650500.0,27.14
1628650800.0,27.14
1628651100.0,27.14
1628651400.0,27.15
1628651700.0,27.14
1628652000.0,27.15
1628652300.0,27.15
1628652600.0,27.15
1628652900.0,27.15
1628653200.0,27.15
1628653500.0,27.15
1628653800.0,27.15
1628654100.0,27.15
1628654400.0,27.15
1628654700.0,27.14
1628655000.0,27.14
1628655300.0,27.14
1628655600.0,27.14
1628655900.0,27.14
1628656200.0,27.14
1628656500.0,27.15
1628656800.0,27.15
1628657100.0,27.15
1628657400.0,27.15
1628657700.0,27.14
1628658000.0,27.15
1628658300.0,27.14
1628658600.0,27.14
1628658900.0,27.15
1628659200.0,27.15
1628659500.0,27.15
1628659800.0,27.15
1628660100.0,27.14
1628660400.0,27.15
1628660700.0,27.15
1628661000.0,27.17
1628661300.0,27.18
1628661600.0,27.18
1628661900.0,27.2
1628662200.0,27.18
1628662500.0,27.2
1628662800.0,27.18
1628663100.0,27.2
1628663400.0,27.2
1628663700.0,27.18
1628664000.0,27.18
1628664300.0,27.19
1628664600.0,27.19
1628664900.0,27.18
1628665200.0,27.19
1628665500.0,27.19
1628665800.0,27.19
1628666100.0,27.19
1628666400.0,27.19
1628666700.0,27.19
1628667000.0,27.2
1628667300.0,27.19
1628667600.0,27.19
1628667900.0,27.2
1628668200.0,27.19
1628668500.0,27.2
1628668800.0,27.2
1628669100.0,27.2
1628669400.0,27.2
1628669700.0,27.21
1628670000.0,27.21
1628670300.0,27.21
1628670600.0,27.21
1628670900.0,27.22
1628671200.0,27.23
1628671500.0,27.2
1628671800.0,27.2
1628672100.0,27.22
1628672400.0,27.18
1628672700.0,27.21
1628673000.0,27.19
1628673300.0,27.21
1628673600.0,27.21
1628673900.0,27.2
1628674200.0,27.19
1628674500.0,27.21
1628674800.0,27.2
1628675100.0,27.2
1628675400.0,27.19
1628675700.0,27.16
1628676000.0,27.14
1628676300.0,27.15
1628676600.0,27.15
1628676900.0,27.18
1628677200.0,27.16
1628677500.0,27.21
1628677800.0,27.19
1628678100.0,27.19
1628678400.0,27.21
1628678700.0,27.21
1628679000.0,27.21
1628679300.0,27.19
1628679600.0,27.2
1628679900.0,27.21
1628680200.0,27.18
1628680500.0,27.18
1628680800.0,27.19
1628681100.0,27.2
1628681400.0,27.2
1628681700.0,27.2
1628682000.0,27.18
1628682300.0,27.18
1628682600.0,27.19
1628682900.0,27.18
1628683200.0,27.17
1628683500.0,27.17
1628683800.0,27.16
1628684100.0,27.15
1628684400.0,27.18
1628684700.0,27.18
1628685000.0,27.17
1628685300.0,27.17
1628685600.0,27.19
1628685900.0,27.19
1628686200.0,27.19
1628686500.0,27.19
1628686800.0,27.2
1628687100.0,27.19
1628687400.0,27.19
1628687700.0,27.18
1628688000.0,27.19
1628688300.0,27.19
1628688600.0,27.19
1628688900.0,27.17
1628689200.0,27.17
1628689500.0,27.19
1628689800.0,27.19
1628690100.0,27.19
1628690400.0,27.22
1628690700.0,27.19
1628691000.0,27.2
1628691300.0,27.2
1628691600.0,27.21
1628691900.0,27.22
1628692200.0,27.22
1628692500.0,27.22
1628692800.0,27.22
1628693100.0,27.22
1628693400.0,27.21
1628693700.0,27.22
1628694000.0,27.22
1628694300.0,27.21
1628694600.0,27.22
1628694900.0,27.22
1628695200.0,27.22
1628695500.0,27.22
1628695800.0,27.22
1628696100.0,27.22
1628696400.0,27.21
1628696700.0,27.21
1628697000.0,27.22
1628697300.0,27.22
1628697600.0,27.22
1628697900.0,27.22
1628698200.0,27.21
1628698500.0,27.21
1628698800.0,27.21
1628699100.0,27.22
1628699400.0,27.21
1628699700.0,27.19
1628700000.0,27.21
1628700300.0,27.22
1628700600.0,27.22
1628700900.0,27.21
1628701200.0,27.21
1628701500.0,27.2
1628701800.0,27.2
1628702100.0,27.2
1628702400.0,27.2
1628702700.0,27.2
1628703000.0,27.2
1628703300.0,27.22
1628703600.0,27.22
1628703900.0,27.22
1628704200.0,27.21
1628704500.0,27.22
1628704800.0,27.22
1628705100.0,27.21
1628705400.0,27.22
1628705700.0,27.22
1628706000.0,27.2
1628706300.0,27.2
1628706600.0,27.21
1628706900.0,27.22
1628707200.0,27.22
1628707500.0,27.21
1628707800.0,27.21
1628708100.0,27.2
1628708400.0,27.22
1628708700.0,27.22
1628709000.0,27.21
1628709300.0,27.21
1628709600.0,27.22
1628709900.0,27.24
1628710200.0,27.22
1628710500.0,27.22
1628710800.0,27.23
1628711100.0,27.22
1628711400.0,27.24
1628711700.0,27.24
1628712000.0,27.24
1628712300.0,27.24
1628712600.0,27.24
1628712900.0,27.24
1628713200.0,27.23
1628713500.0,27.24
1628713800.0,27.23
1628714100.0,27.22
1628714400.0,27.23
1628714700.0,27.23
1628715000.0,27.22
1628715300.0,27.22
1628715600.0,27.21
1628715900.0,27.23
1628716200.0,27.23
1628716500.0,27.23
1628716800.0,27.24
1628717100.0,27.24
1628717400.0,27.22
1628717700.0,27.21
1628718000.0,27.22
1628718300.0,27.23
1628718600.0,27.21
1628718900.0,27.21
1628719200.0,27.2
1628719500.0,27.22
1628719800.0,27.21
1628720100.0,27.19
1628720400.0,27.19
1628720700.0,27.18
1628721000.0,27.18
1628721300.0,27.2
1628721600.0,27.19
1628721900.0,27.2
1628722200.0,27.2
1628722500.0,27.2
1628722800.0,27.23
1628723100.0,27.23
1628723400.0,27.23
1628723700.0,27.19
1628724000.0,27.23
1628724300.0,27.23
1628724600.0,27.19
1628724900.0,27.24
1628725200.0,27.24
1628725500.0,27.24
1628725800.0,27.24
1628726100.0,27.24
1628726400.0,27.25
1628726700.0,27.24
1628727000.0,27.24
1628727300.0,27.24
1628727600.0,27.24
1628727900.0,27.22
1628728200.0,27.21
1628728500.0,27.21
1628728800.0,27.21
1628729100.0,27.21
1628729400.0,27.21
1628729700.0,27.21
1628730000.0,27.23
1628730300.0,27.23
1628730600.0,27.23
1628730900.0,27.23
1628731200.0,27.24
1628731500.0,27.24
1628731800.0,27.23
1628732100.0,27.23
1628732400.0,27.23
1628732700.0,27.23
1628733000.0,27.23
1628733300.0,27.23
1628733600.0,27.23
1628733900.0,27.23
1628734200.0,27.23
1628734500.0,27.23
1628734800.0,27.23
1628735100.0,27.22
1628735400.0,27.22
1628735700.0,27.22
1628736000.0,27.22
1628736300.0,27.21
1628736600.0,27.19
1628736900.0,27.17
1628737200.0,27.18
1628737500.0,27.18
1628737800.0,27.15
1628738100.0,27.16
1628738400.0,27.18
1628738700.0,27.17
1628739000.0,27.16
1628739300.0,27.15
1628739600.0,27.15
1628739900.0,27.1
1628740200.0,27.15
1628740500.0,27.13
1628740800.0,27.13
1628741100.0,27.11
1628741400.0,27.11
1628741700.0,27.13
1628742000.0,27.13
1628742300.0,27.17
1628742600.0,27.16
1628742900.0,27.16
1628743200.0,27.15
1628743500.0,27.17
1628743800.0,27.19
1628744100.0,27.18
1628744400.0,27.18
1628744700.0,27.2
1628745000.0,27.2
1628745300.0,27.2
1628745600.0,27.22
1628745900.0,27.23
1628746200.0,27.21
1628746500.0,27.21
1628746800.0,27.23
1628747100.0,27.21
1628747400.0,27.23
1628747700.0,27.23
1628748000.0,27.21
1628748300.0,27.23
1628748600.0,27.21
1628748900.0,27.21
1628749200.0,27.21
1628749500.0,27.21
1628749800.0,27.21
1628750100.0,27.2
1628750400.0,27.2
1628750700.0,27.22
1628751000.0,27.21
1628751300.0,27.21
1628751600.0,27.21
1628751900.0,27.22
1628752200.0,27.21
1628752500.0,27.21
1628752800.0,27.22
1628753100.0,27.23
1628753400.0,27.23
1628753700.0,27.23
1628754000.0,27.22
1628754300.0,27.21
1628754600.0,27.22
1628754900.0,27.22
1628755200.0,27.21
1628755500.0,27.22
1628755800.0,27.22
1628756100.0,27.22
1628756400.0,27.22
1628756700.0,27.2
1628757000.0,27.13
1628757300.0,27.12
1628757600.0,27.13
1628757900.0,27.2
1628758200.0,27.17
1628758500.0,27.18
1628758800.0,27.19
1628759100.0,27.21
1628759400.0,27.19
1628759700.0,27.19
1628760000.0,27.23
1628760300.0,27.19
1628760600.0,27.19
1628760900.0,27.2
1628761200.0,27.19
1628761500.0,27.2
1628761800.0,27.23
1628762100.0,27.19
1628762400.0,27.2
1628762700.0,27.19
1628763000.0,27.19
1628763300.0,27.23
1628763600.0,27.23
1628763900.0,27.2
1628764200.0,27.2
1628764500.0,27.22
1628764800.0,27.22
1628765100.0,27.2
1628765400.0,27.24
1628765700.0,27.21
1628766000.0,27.21
1628766300.0,27.2
1628766600.0,27.25
1628766900.0,27.2
1628766900.0,27.2
1628767200.0,27.22
1628767500.0,27.22
1628767800.0,27.23
1628768100.0,27.23
1628768400.0,27.22
1628768700.0,27.23
1628769000.0,27.22
1628769300.0,27.23
1628769600.0,27.23
1628769900.0,27.22
1628770200.0,27.21
1628770500.0,27.21
1628770800.0,27.23
1628771100.0,27.21
1628771400.0,27.25
1628771700.0,27.21
1628772000.0,27.26
1628772300.0,27.25
1628772600.0,27.28
1628772900.0,27.28
1628773200.0,27.28
1628773500.0,27.28
1628773800.0,27.22
1628774100.0,27.25
1628774400.0,27.25
1628774700.0,27.25
1628775000.0,27.28
1628775300.0,27.25
1628775600.0,27.27
1628775900.0,27.29
1628776200.0,27.29
1628776500.0,27.29
1628776800.0,27.26
1628777100.0,27.33
1628777400.0,27.26
1628777700.0,27.26
1628778000.0,27.26
1628778300.0,27.29
1628778600.0,27.29
1628778900.0,27.29
1628779200.0,27.3
1628779500.0,27.22
1628779800.0,27.22
1628780100.0,27.26
1628780400.0,27.21
1628780700.0,27.2
1628781000.0,27.22
1628781300.0,27.23
1628781600.0,27.22
1628781900.0,27.22
1628782200.0,27.26
1628782500.0,27.24
1628782800.0,27.22
1628783100.0,27.24
1628783400.0,27.24
1628783700.0,27.24
1628784000.0,27.24
1628784300.0,27.22
1628784600.0,27.22
1628784900.0,27.24
1628785200.0,27.23
1628785500.0,27.24
1628785800.0,27.24
1628786100.0,27.24
1628786400.0,27.24
1628786700.0,27.22
1628787000.0,27.22
1628787300.0,27.24
1628787600.0,27.24
1628787900.0,27.22
1628788200.0,27.22
1628788500.0,27.22
1628788800.0,27.21
1628789100.0,27.21
1628789400.0,27.21
1628789700.0,27.23
1628790000.0,27.23
1628790300.0,27.2
1628790600.0,27.22
1628790900.0,27.2
1628791200.0,27.22
1628791500.0,27.22
1628791800.0,27.22
1628792100.0,27.2
1628792400.0,27.21
1628792700.0,27.2
1628793000.0,27.2
1628793300.0,27.2
1628793600.0,27.21
1628793900.0,27.22
1628794200.0,27.22
1628794500.0,27.22
1628794800.0,27.22
1628795100.0,27.22
1628795400.0,27.2
1628795700.0,27.2
1628796000.0,27.22
1628796300.0,27.21
1628796600.0,27.2
1628796900.0,27.2
1628797200.0,27.22
1628797500.0,27.2
1628797800.0,27.2
1628798100.0,27.2
1628798400.0,27.2
1628798700.0,27.2
1628799000.0,27.2
1628799300.0,27.22
1628799600.0,27.22
1628799900.0,27.22
1628800200.0,27.22
1628800500.0,27.21
1628800800.0,27.21
1628801100.0,27.21
1628801400.0,27.21
1628801700.0,27.2
1628802000.0,27.21
1628802300.0,27.21
1628802600.0,27.2
1628802900.0,27.21
1628803200.0,27.2
1628803500.0,27.2
1628803800.0,27.2
1628804100.0,27.21
1628804400.0,27.21
1628804700.0,27.21
1628805000.0,27.21
1628805300.0,27.21
1628805600.0,27.21
1628805900.0,27.21
1628806200.0,27.21
1628806500.0,27.21
1628806800.0,27.21
1628807100.0,27.2
1628807400.0,27.21
1628807700.0,27.21
1628808000.0,27.21
1628808300.0,27.19
1628808600.0,27.19
1628808900.0,27.19
1628809200.0,27.19
1628809500.0,27.19
1628809800.0,27.19
1628810100.0,27.19
1628810400.0,27.19
1628810700.0,27.21
1628811000.0,27.21
1628811300.0,27.21
1628811600.0,27.21
1628811900.0,27.21
1628812200.0,27.21
1628812500.0,27.19
1628812800.0,27.21
1628813100.0,27.21
1628813400.0,27.19
1628813700.0,27.19
1628814000.0,27.21
1628814300.0,27.21
1628814600.0,27.21
1628814900.0,27.21
1628815200.0,27.21
1628815500.0,27.21
1628815800.0,27.21
1628816100.0,27.21
1628816400.0,27.21
1628816700.0,27.23
1628817000.0,27.23
1628817300.0,27.23
1628817600.0,27.23
1628817900.0,27.23
1628818200.0,27.24
1628818500.0,27.23
1628818800.0,27.23
1628819100.0,27.23
1628819400.0,27.23
1628819700.0,27.22
1628836200.0,27.22
1628836500.0,27.21
1628836800.0,27.21
1628837100.0,27.16
1628837400.0,27.2
1628837700.0,27.17
1628838000.0,27.17
1628838300.0,27.2
1628838600.0,27.2
1628838900.0,27.22
1628839200.0,27.2
1628839500.0,27.23
1628839800.0,27.24
1628840100.0,27.24
1628840400.0,27.24
1628840700.0,27.23
1628841000.0,27.23
1628841300.0,27.23
1628841600.0,27.22
1628841900.0,27.22
1628842200.0,27.22
1628842500.0,27.22
1628842800.0,27.25
1628843100.0,27.24
1628843400.0,27.22
1628843700.0,27.23
1628844000.0,27.22
1628844300.0,27.24
1628844600.0,27.23
1628844900.0,27.24
1628845200.0,27.23
1628845500.0,27.25
1628845800.0,27.24
1628846100.0,27.27
1628846400.0,27.23
1628846700.0,27.23
1628847000.0,27.26
1628847300.0,27.23
1628847600.0,27.26
1628847900.0,27.26
1628848200.0,27.23
1628848500.0,27.25
1628848800.0,27.29
1628849100.0,27.24
1628849400.0,27.3
1628849700.0,27.24
1628850000.0,27.3
1628850300.0,27.31
1628850600.0,27.25
1628850900.0,27.32
1628851200.0,27.32
1628851500.0,27.33
1628851800.0,27.32
1628852100.0,27.32
1628852400.0,27.31
1628852700.0,27.3
1628853000.0,27.27
1628853300.0,27.29
1628853600.0,27.27
1628853900.0,27.22
1628854200.0,27.21
1628854500.0,27.18
1628854800.0,27.22
1628855100.0,27.19
1628855400.0,27.19
1628855700.0,27.19
1628856000.0,27.19
1628856300.0,27.17
1628856600.0,27.19
1628856900.0,27.17
1628857200.0,27.15
1628857500.0,27.16
1628857800.0,27.16
1628858100.0,27.11
1628858400.0,27.11
1628858700.0,27.1
1628859000.0,27.1
1628859300.0,27.11
1628859600.0,27.11
1628859900.0,27.11
1628860200.0,27.11
1628860500.0,27.11
1628860800.0,27.1
1628861100.0,27.08
1628861400.0,27.09
1628861700.0,27.07
1628862000.0,27.09
1628862300.0,27.09
1628862600.0,27.08
1628862900.0,27.08
1628863200.0,27.08
1628863500.0,27.08
1628863800.0,27.07
1628864100.0,27.08
1628864400.0,27.07
1628864700.0,27.07
1628865000.0,27.08
1628865300.0,27.07
1628865600.0,27.07
1628865900.0,27.07
1628866200.0,27.07
1628866500.0,27.06
1628866800.0,27.06
1628867100.0,27.06
1628867400.0,27.06
1628867700.0,27.06
1628868000.0,27.06
1628868300.0,27.06
1628868600.0,27.05
1628868900.0,26.91
1628869200.0,26.96
1628869500.0,26.96
1628869800.0,26.96
1628870100.0,27.02
1628870400.0,27.06
1628870700.0,27.07
1628871000.0,27.07
1628871300.0,27.06
1628871600.0,27.13
1628871900.0,27.16
1628872200.0,27.12
1628872500.0,27.14
1628872800.0,27.14
1628873100.0,27.15
1628873400.0,27.14
1628873700.0,27.08
1628874000.0,27.09
1628874300.0,27.08
1628874600.0,27.07
1628874900.0,27.03
1628875200.0,27.03
1628875500.0,27.04
1628875800.0,27.03
1628876100.0,27.08
1628876400.0,27.07
1628876700.0,27.08
1628877000.0,27.08
1628877300.0,27.06
1628877600.0,27.06
1628877900.0,27.06
1628878200.0,27.07
1628878500.0,27.07
1628878800.0,27.07
1628879100.0,27.08
1628879400.0,27.08
1628879700.0,27.08
1628880000.0,27.08
1628880300.0,27.08
1628880600.0,27.06
1628880900.0,27.08
1628881200.0,27.08
1628881500.0,27.08
1628881800.0,27.06
1628882100.0,27.07
1628882400.0,27.08
1628882700.0,27.06
1628883000.0,27.07
1628883300.0,27.06
1628883600.0,27.08
1628883900.0,27.08
1628884200.0,27.06
1628884500.0,27.06
1628884800.0,27.06
1628885100.0,27.07
1628885400.0,27.02
1628885700.0,27.02
1628886000.0,27.02
1628886300.0,27.01
1628886600.0,27.01
1628886900.0,27.02
1628887200.0,27.0
1628887500.0,27.04
1628887800.0,27.06
1628888100.0,27.03
1628888400.0,27.02
1628888700.0,27.02
1628889000.0,27.01
1628889300.0,27.03
1628889600.0,27.06
1628889900.0,27.07
1628890200.0,27.07
1628890500.0,27.03
1628890800.0,27.07
1628891100.0,27.07
1628891400.0,27.07
1628891700.0,27.07
1628892000.0,27.07
1628892300.0,27.07
1628892600.0,27.07
1628892900.0,27.07
1628893200.0,27.07
1628893500.0,27.07
1628893800.0,27.07
1628894100.0,27.07
1628894400.0,27.07
1628894700.0,27.07
1628895000.0,27.07
1628895300.0,27.07
1628895600.0,27.07
1628895900.0,27.07
1628896200.0,27.07
1628896500.0,27.07
1628896800.0,27.07
1628897100.0,27.09
1628897400.0,27.09
1628897700.0,27.09
1628898000.0,27.06
1628898300.0,27.09
1628898600.0,27.09
1628898900.0,27.1
1628899200.0,27.07
1628899500.0,27.07
1628899800.0,27.05
1628900100.0,27.07
1628900400.0,27.07
1628900700.0,27.07
1628901000.0,27.07
1628901300.0,27.05
1628901600.0,27.04
1628901900.0,27.04
1628902200.0,27.02
1628902500.0,27.02
1628902800.0,27.02
1628903100.0,27.02
1628903400.0,27.02
1628903700.0,27.02
1628904000.0,27.02
1628904300.0,27.02
1628904600.0,27.02
1628904900.0,27.05
1628905200.0,27.05
1628905500.0,27.05
1628905800.0,27.05
1628906100.0,27.05
1628906400.0,27.05
1628906700.0,27.05
1628907000.0,27.08
1628907300.0,27.08
1628907600.0,27.08
1628907900.0,27.08
1628908200.0,27.08
1628908500.0,27.1
1628908800.0,27.1
1628909100.0,27.1
1628909400.0,27.1
1628909700.0,27.1
1628910000.0,27.07
1628910300.0,27.08
1628910600.0,27.08
1628910900.0,27.08
1628911200.0,27.06
1628911500.0,27.06
1628911800.0,27.08
1628912100.0,27.08
1628912400.0,27.06
1628912700.0,27.06
1628913000.0,27.06
1628913300.0,27.06
1628913600.0,27.06
1628913900.0,27.06
1628914200.0,27.06
1628914500.0,27.06
1628914800.0,27.06
1628915100.0,27.06
1628915400.0,27.08
1628915700.0,27.05
1628916000.0,27.04
1628916300.0,27.01
1628916600.0,27.01
1628916600.0,27.01
1628916900.0,27.01
1628917200.0,27.01
1628917500.0,27.0
1628917800.0,27.0
1628918100.0,27.0
1628918400.0,27.01
1628918700.0,27.01
1628919000.0,27.01
1628919300.0,27.01
1628919600.0,27.01
1628919900.0,27.01
1628920200.0,27.01
1628920500.0,27.01
1628920800.0,27.02
1628921100.0,27.02
1628921400.0,27.0
1628921700.0,27.02
1628922000.0,27.02
1628922300.0,27.03
1628922600.0,27.02
1628922900.0,27.03
1628923200.0,27.02
1628923500.0,27.03
1628923800.0,27.02
1628924100.0,27.03
1628924400.0,27.02
1628924700.0,27.02
1628925000.0,27.03
1628925300.0,27.02
1628925600.0,27.03
1628925900.0,27.03
1628926200.0,27.04
1628926500.0,27.02
1628926800.0,27.04
1628927100.0,27.04
1628927400.0,27.02
1628927700.0,27.02
1628928000.0,27.02
1628928300.0,27.04
1628928600.0,27.03
1628928900.0,27.03
1628929200.0,27.04
1628929500.0,27.03
1628929800.0,27.03
1628930100.0,27.04
1628930400.0,27.04
1628930700.0,27.03
1628931000.0,27.03
1628931300.0,27.04
1628931600.0,27.03
1628931900.0,27.04
1628932200.0,27.07
1628932500.0,27.08
1628932800.0,27.04
1628933100.0,27.05
1628933400.0,27.04
1628933700.0,27.04
1628934000.0,27.05
1628934300.0,27.04
1628934600.0,27.05
1628934900.0,27.04
1628935200.0,27.04
1628935500.0,27.03
1628935800.0,27.08
1628936100.0,27.08
1628936400.0,27.03
1628936700.0,27.07
1628937000.0,27.03
1628937300.0,27.08
1628937600.0,27.08
1628937900.0,27.05
1628938200.0,27.06
1628938500.0,27.05
1628938800.0,27.06
1628939100.0,27.06
1628939400.0,27.06
1628939700.0,27.05
1628940000.0,27.09
1628940300.0,27.09
1628940600.0,27.06
1628940900.0,27.06
1628941200.0,27.11
1628941500.0,27.11
1628941800.0,27.11
1628942100.0,27.06
1628942400.0,27.09
1628942700.0,27.08
1628943000.0,27.07
1628943300.0,27.08
1628943600.0,27.07
1628943900.0,27.07
1628944200.0,27.07
1628944500.0,27.09
1628944800.0,27.09
1628945100.0,27.1
1628945400.0,27.1
1628945700.0,27.07
1628946000.0,27.08
1628946300.0,27.08
1628946600.0,27.08
1628946900.0,27.1
1628947200.0,27.1
1628947500.0,27.07
1628947800.0,27.08
1628948100.0,27.08
1628948400.0,27.08
1628948700.0,27.08
1628949000.0,27.07
1628949300.0,27.08
1628949600.0,27.08
1628949900.0,27.08
1628950200.0,27.07
1628950500.0,27.08
1628950800.0,27.07
1628951100.0,27.07
1628951400.0,27.08
1628951700.0,27.08
1628952000.0,27.07
1628952300.0,27.07
1628952600.0,27.07
1628952900.0,27.07
1628953200.0,27.07
1628953500.0,27.07
1628953800.0,27.08
1628954100.0,27.08
1628954400.0,27.07
1628954700.0,27.08
1628955000.0,27.08
1628955300.0,27.07
1628955600.0,27.09
1628955900.0,27.07
1628956200.0,27.11
1628956500.0,27.08
1628956800.0,27.08
1628957100.0,27.09
1628957400.0,27.08
1628957700.0,27.09
1628958000.0,27.11
1628958300.0,27.08
1628958600.0,27.08
1628958900.0,27.09
1628959200.0,27.09
1628959500.0,27.09
1628959800.0,27.09
1628960100.0,27.11
1628960400.0,27.11
1628960700.0,27.11
1628961000.0,27.09
1628961300.0,27.08
1628961600.0,27.09
1628961900.0,27.08
1628962200.0,27.09
1628962500.0,27.08
1628962800.0,27.08
1628963100.0,27.09
1628963400.0,27.09
1628963700.0,27.09
1628964000.0,27.09
1628964300.0,27.07
1628964600.0,27.07
1628964900.0,27.07
1628965200.0,27.07
1628965500.0,27.07
1628965800.0,27.09
1628966100.0,27.08
1628966400.0,27.09
1628966700.0,27.07
1628967000.0,27.07
1628967300.0,27.07
1628967600.0,27.09
1628967900.0,27.09
1628968200.0,27.07
1628968500.0,27.07
1628968800.0,27.07
1628969100.0,27.09
1628969400.0,27.07
1628969700.0,27.07
1628970000.0,27.09
1628970300.0,27.04
1628970600.0,27.04
1628970900.0,27.04
1628971200.0,27.04
1628971500.0,27.04
1628971800.0,27.04
1628972100.0,27.03
1628972400.0,27.03
1628972700.0,27.03
1628973000.0,27.03
1628973300.0,27.02
1628973600.0,27.03
1628973900.0,27.03
1628974200.0,27.03
1628974500.0,27.03
1628974800.0,27.03
1628975100.0,27.03
1628975400.0,27.03
1628975700.0,27.07
1628976000.0,27.07
1628976300.0,27.07
1628976600.0,27.08
1628976900.0,27.05
1628977200.0,27.08
1628977500.0,27.05
1628977800.0,27.07
1628978100.0,27.1
1628978400.0,27.1
1628978700.0,27.1
1628979000.0,27.1
1628979300.0,27.09
1628979600.0,27.1
1628979900.0,27.09
1628980200.0,27.12
1628980500.0,27.09
1628980800.0,27.09
1628981100.0,27.09
1628981400.0,27.12
1628981700.0,27.09
1628982000.0,27.08
1628982300.0,27.08
1628982600.0,27.08
1628982900.0,27.07
1628983200.0,27.07
1628983500.0,27.07
1628983800.0,27.07
1628984100.0,27.07
1628984400.0,27.07
1628984700.0,27.07
1628985000.0,27.07
1628985300.0,27.07
1628985600.0,27.07
1628985900.0,27.07
1628986200.0,27.07
1628986500.0,27.07
1628986800.0,27.07
1628987100.0,27.09
1628987400.0,27.07
1628987700.0,27.07
1628988000.0,27.07
1628988300.0,27.07
1628988600.0,27.07
1628988900.0,27.07
1628989200.0,27.09
1628989500.0,27.09
1628989800.0,27.09
1628990100.0,27.09
1628990400.0,27.09
1628990700.0,27.09
1628991000.0,27.09
1628991300.0,27.09
1628991600.0,27.07
1628991900.0,27.07
1628992200.0,27.07
1628992500.0,27.07
1628992800.0,27.06
1628993100.0,27.06
1628993400.0,27.06
1628993700.0,27.06
1628994000.0,27.06
1628994300.0,27.06
1628994600.0,27.06
1628994900.0,27.05
1628995200.0,27.05
1628995500.0,27.05
1628995800.0,27.07
1628996100.0,27.07
1628996400.0,27.07
1628996700.0,27.07
1628997000.0,27.07
1628997300.0,27.07
1628997600.0,27.07
1628997900.0,27.07
1628998200.0,27.07
1628998500.0,27.07
1628998800.0,27.07
1628999100.0,27.07
1628999400.0,27.04
1628999700.0,27.05
1629000000.0,27.05
1629000300.0,27.05
1629000600.0,27.05
1629000900.0,27.05
1629001200.0,27.05
1629001500.0,27.03
1629001800.0,27.03
1629002100.0,27.02
1629002400.0,27.02
1629002700.0,27.02
1629003000.0,27.02
1629003300.0,27.03
1629003600.0,27.03
1629003900.0,27.01
1629004200.0,27.03
1629004500.0,27.03
1629004800.0,27.01
1629005100.0,27.03
1629005400.0,27.01
1629005700.0,27.0
1629006000.0,27.0
1629006300.0,27.0
1629006600.0,27.0
1629006900.0,27.01
1629007200.0,27.03
1629007500.0,27.0
1629007800.0,27.03
1629008100.0,27.01
1629008400.0,27.01
1629008700.0,27.03
1629009000.0,27.06
1629009300.0,27.05
1629009600.0,27.05
1629009900.0,27.04
1629010200.0,27.05
1629010500.0,27.05
1629010800.0,27.04
1629011100.0,27.04
1629011400.0,27.04
1629011700.0,27.04
1629012000.0,27.05
1629012300.0,27.05
1629012600.0,27.05
1629012900.0,27.04
1629013200.0,27.04
1629013500.0,27.05
1629013800.0,27.05
1629014100.0,27.05
1629014400.0,27.05
1629014700.0,27.05
1629015000.0,27.04
1629015300.0,27.05
1629015600.0,27.05
1629015900.0,27.05
1629016200.0,27.05
1629016500.0,27.05
1629016800.0,27.04
1629017100.0,27.05
1629017400.0,27.05
1629017700.0,27.05
1629018000.0,27.04
1629018300.0,27.1
1629018600.0,27.11
1629018900.0,27.13
1629019200.0,27.11
1629019500.0,27.11
1629019800.0,27.14
1629020100.0,27.14
1629020400.0,27.12
1629020700.0,27.11
1629021000.0,27.16
1629021300.0,27.16
1629021600.0,27.16
1629021900.0,27.11
1629022200.0,27.09
1629022500.0,27.09
1629022800.0,27.09
1629023100.0,27.09
1629023400.0,27.09
1629023700.0,27.09
1629024000.0,27.09
1629024300.0,27.08
1629024600.0,27.07
1629024900.0,27.06
1629025200.0,27.08
1629025500.0,27.08
1629025800.0,27.08
1629026100.0,27.06
1629026400.0,27.06
1629026700.0,27.07
1629027000.0,27.06
1629027300.0,27.08
1629027600.0,27.08
1629027900.0,27.06
1629028200.0,27.06
1629028500.0,27.08
1629028800.0,27.08
1629029100.0,27.08
1629029400.0,27.1
1629029700.0,27.09
1629030000.0,27.08
1629030300.0,27.08
1629030600.0,27.08
1629030900.0,27.08
1629031200.0,27.08
1629031500.0,27.08
1629031800.0,27.07
1629032100.0,27.08
1629032400.0,27.08
1629032700.0,27.07
1629033000.0,27.08
1629033300.0,27.07
1629033600.0,27.07
1629033900.0,27.07
1629034200.0,27.07
1629034500.0,27.07
1629034800.0,27.08
1629035100.0,27.08
1629035400.0,27.07
1629035700.0,27.08
1629036000.0,27.08
1629036300.0,27.08
1629036600.0,27.07
1629036900.0,27.07
1629037200.0,27.07
1629037500.0,27.07
1629037800.0,27.07
1629038100.0,27.08
1629038400.0,27.07
1629038700.0,27.07
1629039000.0,27.06
1629039300.0,27.08
1629039600.0,27.08
1629039900.0,27.06
1629040200.0,27.08
1629040500.0,27.08
1629040800.0,27.08
1629041100.0,27.08
1629041400.0,27.06
1629041700.0,27.06
1629042000.0,27.06
1629042300.0,27.06
1629042600.0,27.06
1629042900.0,27.05
1629043200.0,27.06
1629043500.0,27.06
1629043800.0,27.06
1629044100.0,27.06
1629044400.0,27.06
1629044700.0,27.06
1629045000.0,27.06
1629045300.0,27.06
1629045600.0,27.06
1629045900.0,27.06
1629046200.0,27.05
1629046500.0,27.05
1629046800.0,27.06
1629047100.0,27.06
1629047400.0,27.06
1629047700.0,27.06
1629048000.0,27.06
1629048300.0,27.05
1629048600.0,27.05
1629048900.0,27.06
1629049200.0,27.06
1629049500.0,27.06
1629049800.0,27.06
1629050100.0,27.05
1629050400.0,27.06
1629050700.0,27.06
1629051000.0,27.06
1629051300.0,27.06
1629051600.0,27.05
1629051900.0,27.05
1629052200.0,27.06
1629052500.0,27.06
1629052800.0,27.07
1629053100.0,27.06
1629053400.0,27.06
1629053700.0,27.06
1629054000.0,27.09
1629054300.0,27.09
1629054600.0,27.09
1629054900.0,27.09
1629055200.0,27.06
1629055500.0,27.06
1629055800.0,27.09
1629056100.0,27.09
1629056400.0,27.09
1629056700.0,27.06
1629057000.0,27.07
1629057300.0,27.09
1629057600.0,27.09
1629057900.0,27.09
1629058200.0,27.07
1629058500.0,27.08
1629058800.0,27.07
1629059100.0,27.07
1629059400.0,27.07
1629059700.0,27.07
1629060000.0,27.07
1629060300.0,27.08
1629060600.0,27.07
1629060900.0,27.07
1629061200.0,27.08
1629061500.0,27.08
1629061800.0,27.07
1629062100.0,27.07
1629062400.0,27.07
1629062700.0,27.08
1629063000.0,27.08
1629063300.0,27.08
1629063600.0,27.07
1629063900.0,27.08
1629064200.0,27.08
1629064500.0,27.08
1629064800.0,27.07
1629065100.0,27.07
1629065400.0,27.07
1629065700.0,27.07
1629066000.0,27.07
1629066300.0,27.07
1629066300.0,27.07
1629066600.0,27.07
1629066900.0,27.07
1629067200.0,27.08
1629067500.0,27.07
1629067800.0,27.07
1629068100.0,27.07
1629068400.0,27.07
1629068700.0,27.07
1629069000.0,27.08
1629069300.0,27.08
1629069600.0,27.08
1629069900.0,27.08
1629070200.0,27.08
1629070500.0,27.08
1629070800.0,27.08
1629071100.0,27.08
1629071400.0,27.08
1629071700.0,27.08
1629072000.0,27.08
1629072300.0,27.06
1629072600.0,27.06
1629072900.0,27.05
1629073200.0,27.04
1629073500.0,27.04
1629073800.0,27.04
1629074100.0,27.04
1629074400.0,27.04
1629074700.0,27.04
1629075000.0,27.04
1629075300.0,27.04
1629075600.0,27.03
1629075900.0,27.04
1629076200.0,27.04
1629076500.0,27.04
1629076800.0,27.04
1629077100.0,27.04
1629077400.0,27.04
1629077700.0,27.04
1629078000.0,27.04
1629078300.0,27.04
1629078600.0,27.02
1629078900.0,27.02
1629079200.0,27.0
1629079500.0,26.99
1629079800.0,26.92
1629080100.0,26.91
1629080400.0,26.84
1629080700.0,26.81
1629081000.0,26.81
1629081300.0,26.81
1629081600.0,26.81
1629081900.0,26.81
1629082200.0,26.82
1629082500.0,26.65
1629082800.0,26.65
1629083100.0,26.65
1629083400.0,26.8
1629083700.0,26.8
1629084000.0,26.82
1629084300.0,26.83
1629084600.0,26.82
1629084900.0,26.84
1629085200.0,26.84
1629085500.0,26.82
1629085800.0,26.84
1629086100.0,26.82
1629086400.0,26.82
1629086700.0,26.84
1629087000.0,26.96
1629087300.0,26.92
1629087600.0,26.92
1629087900.0,26.92
1629088200.0,26.94
1629088500.0,26.94
1629088800.0,26.96
1629089100.0,26.97
1629089400.0,26.95
1629089700.0,26.95
1629090000.0,26.96
1629090300.0,26.94
1629090600.0,26.98
1629090900.0,26.96
1629091200.0,26.98
1629091500.0,26.98
1629091800.0,26.98
1629092100.0,26.98
1629092400.0,27.0
1629092700.0,26.99
1629093000.0,27.0
1629093300.0,27.0
1629093600.0,26.99
1629093900.0,26.99
1629094200.0,26.97
1629094500.0,26.96
1629094800.0,26.99
1629095100.0,26.94
1629095400.0,26.94
1629095700.0,26.94
1629096000.0,26.94
1629096300.0,26.97
1629096600.0,26.97
1629096900.0,26.95
1629097200.0,26.95
1629097500.0,26.95
1629097800.0,26.98
1629098100.0,26.96
1629098400.0,26.96
1629098700.0,26.97
1629099000.0,26.97
1629099300.0,26.95
1629099600.0,26.95
1629099900.0,26.95
1629100200.0,26.98
1629100500.0,26.97
1629100800.0,26.97
1629101100.0,26.96
1629101400.0,26.96
1629101700.0,26.95
1629102000.0,26.95
1629102300.0,26.95
1629102600.0,26.95
1629102900.0,26.96
1629103200.0,27.01
1629103500.0,26.99
1629103800.0,26.98
1629104100.0,26.99
1629104400.0,26.98
1629104700.0,26.98
1629105000.0,26.98
1629105300.0,26.98
1629105600.0,26.95
1629105900.0,26.95
1629106200.0,26.9
1629106500.0,26.91
1629106800.0,26.91
1629107100.0,26.93
1629107400.0,26.91
1629107700.0,26.95
1629108000.0,26.97
1629108300.0,26.95
1629108600.0,26.95
1629108900.0,26.97
1629109200.0,26.97
1629109500.0,26.95
1629109800.0,26.95
1629110100.0,26.97
1629110400.0,26.97
1629110700.0,26.95
1629111000.0,26.97
1629111300.0,26.96
1629111600.0,26.95
1629111900.0,26.94
1629112200.0,26.94
1629112500.0,26.91
1629112800.0,26.91
1629113100.0,26.93
1629113400.0,26.9
1629113700.0,26.92
1629114000.0,26.97
1629114300.0,26.97
1629114600.0,26.98
1629114900.0,26.98
1629115200.0,27.0
1629115500.0,26.97
1629115800.0,27.01
1629116100.0,27.04
1629116400.0,27.03
1629116700.0,27.04
1629117000.0,27.04
1629117300.0,27.04
1629117600.0,27.03
1629117900.0,27.03
1629118200.0,27.03
1629118500.0,27.03
1629118800.0,27.01
1629119100.0,27.01
1629119400.0,27.0
1629119700.0,26.99
1629120000.0,27.01
1629120300.0,26.99
1629120600.0,27.0
1629120900.0,26.95
1629121200.0,26.94
1629121500.0,26.93
1629121800.0,27.0
1629122100.0,27.0
1629122400.0,26.99
1629122700.0,26.99
1629123000.0,27.1
1629123300.0,27.1
1629123600.0,27.09
1629123900.0,27.09
1629124200.0,27.06
1629124500.0,27.08
1629124800.0,27.1
1629125100.0,27.12
1629125400.0,27.11
1629125700.0,27.13
1629126000.0,27.11
1629126300.0,27.1
1629126600.0,27.09
1629126900.0,27.07
1629127200.0,27.04
1629127500.0,27.03
1629127800.0,27.05
1629128100.0,27.05
1629128400.0,27.05
1629128700.0,27.03
1629129000.0,27.05
1629129300.0,27.05
1629129600.0,27.05
1629129900.0,27.02
1629130200.0,27.05
1629130500.0,27.06
1629130800.0,27.06
1629131100.0,27.05
1629131400.0,27.06
1629131700.0,27.06
1629132000.0,27.06
1629132300.0,27.06
1629132600.0,27.06
1629132900.0,27.06
1629133200.0,27.06
1629133500.0,27.06
1629133800.0,27.05
1629134100.0,27.05
1629134400.0,27.03
1629134700.0,27.03
1629135000.0,27.05
1629135300.0,27.03
1629135600.0,27.04
1629135900.0,27.04
1629136200.0,27.04
1629136500.0,27.02
1629136800.0,27.04
1629137100.0,27.03
1629137400.0,27.03
1629137700.0,27.04
1629138000.0,27.01
1629138300.0,27.01
1629138600.0,27.03
1629138900.0,27.01
1629139200.0,27.03
1629139500.0,27.03
1629139800.0,27.03
1629140100.0,27.04
1629140400.0,27.03
1629140700.0,27.02
1629141000.0,27.02
1629141300.0,27.01
1629141600.0,27.04
1629141900.0,27.03
1629142200.0,27.04
1629142500.0,27.01
1629142800.0,27.04
1629143100.0,27.04
1629143400.0,27.0
1629143700.0,27.0
1629144000.0,27.02
1629144300.0,27.01
1629144600.0,26.99
1629144900.0,27.0
1629145200.0,27.04
1629145500.0,27.04
1629145800.0,26.99
1629146100.0,27.01
1629146400.0,27.04
1629146700.0,27.01
1629147000.0,27.05
1629147300.0,27.05
1629147600.0,27.04
1629147900.0,27.06
1629148200.0,27.05
1629148500.0,27.09
1629148800.0,27.08
1629149100.0,27.09
1629149400.0,27.11
1629149700.0,27.12
1629150000.0,27.13
1629150300.0,27.13
1629150600.0,27.13
1629150900.0,27.13
1629151200.0,27.1
1629151500.0,27.1
1629151800.0,27.1
1629152100.0,27.07
1629152400.0,27.06
1629152700.0,27.05
1629153000.0,27.05
1629153300.0,27.05
1629153600.0,27.04
1629153900.0,27.02
1629154200.0,27.01
1629154500.0,27.01
1629154800.0,27.05
1629155100.0,27.05
1629155400.0,27.05
1629155700.0,27.05
1629156000.0,27.05
1629156300.0,27.05
1629156600.0,27.05
1629156900.0,27.05
1629157200.0,27.05
1629157500.0,27.05
1629157800.0,27.05
1629158100.0,27.02
1629158400.0,27.01
1629158700.0,27.01
1629159000.0,27.01
1629159300.0,27.01
1629159600.0,27.04
1629159900.0,27.04
1629160200.0,27.04
1629160500.0,27.04
1629160800.0,27.04
1629161100.0,27.04
1629161400.0,27.04
1629161700.0,27.04
1629162000.0,27.04
1629162300.0,27.04
1629162600.0,27.04
1629162900.0,27.04
1629163200.0,27.04
1629163500.0,27.04
1629163800.0,27.04
1629164100.0,27.05
1629164400.0,27.05
1629164700.0,27.05
1629165000.0,27.05
1629165300.0,27.05
1629165600.0,27.05
1629165900.0,27.05
1629166200.0,27.05
1629166500.0,27.05
1629166800.0,27.05
1629167100.0,27.05
1629167400.0,27.05
1629167700.0,27.05
1629168000.0,27.05
1629168300.0,27.05
1629168600.0,27.05
1629168900.0,27.05
1629169200.0,27.04
1629169500.0,27.04
1629169800.0,27.05
1629170100.0,27.05
1629170400.0,27.05
1629170700.0,27.03
1629171000.0,27.03
1629171300.0,27.03
1629171600.0,27.03
1629171900.0,27.03
1629172200.0,27.03
1629172500.0,27.03
1629172800.0,27.03
1629173100.0,27.03
1629173400.0,27.02
1629173700.0,27.01
1629174000.0,27.01
1629174300.0,27.02
1629174600.0,27.02
1629174900.0,27.02
1629175200.0,27.01
1629175500.0,27.01
1629175800.0,27.01
1629176100.0,27.01
1629176400.0,27.02
1629176700.0,27.02
1629177000.0,27.02
1629177300.0,27.0
1629177600.0,26.99
1629177900.0,27.02
1629178200.0,27.02
1629178500.0,27.01
1629178800.0,27.02
1629179100.0,27.02
1629179400.0,27.02
1629179700.0,27.02
1629180000.0,27.02
1629180300.0,27.02
1629180600.0,27.03
1629180900.0,27.01
1629181200.0,27.05
1629181500.0,27.05
1629181800.0,27.02
1629182100.0,27.02
1629182400.0,27.03
1629182700.0,27.05
1629183000.0,27.05
1629183300.0,27.05
1629183600.0,27.03
1629183900.0,27.05
1629184200.0,27.03
1629184500.0,27.03
1629184800.0,27.03
1629185100.0,27.02
1629185400.0,27.05
1629185700.0,27.06
1629186000.0,27.1
1629186300.0,27.07
1629186600.0,27.07
1629186900.0,27.1
1629187200.0,27.08
1629187500.0,27.11
1629187800.0,27.1
1629188100.0,27.08
1629188400.0,27.09
1629188700.0,27.08
1629189000.0,27.1
1629189300.0,27.1
1629189600.0,27.09
1629189900.0,27.09
1629190200.0,27.09
1629190500.0,27.08
1629190800.0,27.08
1629191100.0,27.09
1629191400.0,27.08
1629191700.0,27.07
1629192000.0,27.07
1629192300.0,27.07
1629192600.0,27.07
1629192900.0,27.07
1629193200.0,27.06
1629193500.0,27.06
1629193800.0,27.07
1629194100.0,27.07
1629194400.0,27.04
1629194700.0,27.03
1629195000.0,26.99
1629195300.0,26.98
1629195600.0,26.97
1629195900.0,26.98
1629196200.0,27.02
1629196500.0,27.04
1629196800.0,27.07
1629197100.0,27.07
1629197400.0,27.07
1629197700.0,27.09
1629198000.0,27.08
1629198300.0,27.08
1629198600.0,27.09
1629198900.0,27.09
1629199200.0,27.09
1629199500.0,27.1
1629199800.0,27.08
1629200100.0,27.1
1629200400.0,27.08
1629200700.0,27.09
1629201000.0,27.08
1629201300.0,27.07
1629201600.0,27.0
1629201900.0,27.01
1629202200.0,27.07
1629202500.0,27.05
1629202800.0,27.05
1629203100.0,27.04
1629203400.0,27.03
1629203700.0,27.03
1629204000.0,27.03
1629204300.0,27.03
1629204600.0,27.04
1629204900.0,27.03
1629205200.0,27.03
1629205500.0,27.01
1629205800.0,27.04
1629206100.0,27.03
1629206400.0,27.05
1629206700.0,27.03
1629207000.0,27.05
1629207300.0,27.05
1629207600.0,27.05
1629207900.0,27.03
1629208200.0,27.02
1629208500.0,27.06
1629208800.0,27.06
1629209100.0,27.06
1629209400.0,27.07
1629209700.0,27.05
1629210000.0,27.07
1629210300.0,27.07
1629210600.0,27.05
1629210900.0,27.05
1629211200.0,27.05
1629211500.0,27.05
1629211800.0,27.07
1629212100.0,27.05
1629212400.0,27.07
1629212700.0,27.05
1629213000.0,27.05
1629213300.0,27.07
1629213600.0,27.07
1629213900.0,27.01
1629214200.0,27.03
1629214500.0,27.04
1629214800.0,27.05
1629215100.0,27.06
1629215400.0,27.06
1629215700.0,27.07
1629216000.0,27.07
1629216000.0,27.07
1629216300.0,27.09
1629216600.0,27.08
1629216900.0,27.09
1629217200.0,27.09
1629217500.0,27.07
1629217800.0,27.07
1629218100.0,27.09
1629218400.0,27.08
1629218700.0,27.08
1629219000.0,27.06
1629219300.0,27.07
1629219600.0,27.07
1629219900.0,27.05
1629220200.0,27.06
1629220500.0,27.07
1629220800.0,27.09
1629221100.0,27.1
1629221400.0,27.09
1629221700.0,27.09
1629222000.0,27.08
1629222300.0,27.07
1629222600.0,27.05
1629222900.0,27.05
1629223200.0,27.05
1629223500.0,27.04
1629223800.0,27.05
1629224100.0,27.03
1629224400.0,27.02
1629224700.0,27.02
1629225000.0,27.0
1629225300.0,27.0
1629225600.0,27.0
1629225900.0,27.02
1629226200.0,27.02
1629226500.0,27.0
1629226800.0,27.02
1629227100.0,27.08
1629227400.0,27.08
1629227700.0,27.07
1629228000.0,27.11
1629228300.0,27.12
1629228600.0,27.09
1629228900.0,27.09
1629229200.0,27.11
1629229500.0,27.11
1629229800.0,27.11
1629230100.0,27.09
1629230400.0,27.11
1629230700.0,27.11
1629231000.0,27.11
1629231300.0,27.11
1629231600.0,27.11
1629231900.0,27.11
1629232200.0,27.11
1629232500.0,27.1
1629232800.0,27.13
1629233100.0,27.12
1629233400.0,27.14
1629233700.0,27.14
1629234000.0,27.13
1629234300.0,27.14
1629234600.0,27.14
1629234900.0,27.14
1629235200.0,27.14
1629235500.0,27.13
1629235800.0,27.13
1629236100.0,27.13
1629236400.0,27.12
1629236700.0,27.14
1629237000.0,27.14
1629237300.0,27.14
1629237600.0,27.13
1629237900.0,27.14
1629238200.0,27.14
1629238500.0,27.14
1629238800.0,27.14
1629239100.0,27.14
1629239400.0,27.13
1629239700.0,27.14
1629240000.0,27.13
1629240300.0,27.12
1629240600.0,27.12
1629240900.0,27.11
1629241200.0,27.11
1629241500.0,27.12
1629241800.0,27.12
1629242100.0,27.12
1629242400.0,27.12
1629242700.0,27.12
1629243000.0,27.12
1629243300.0,27.12
1629243600.0,27.12
1629243900.0,27.12
1629244200.0,27.12
1629244500.0,27.12
1629244800.0,27.12
1629245100.0,27.11
1629245400.0,27.11
1629245700.0,27.1
1629246000.0,27.11
1629246300.0,27.11
1629246600.0,27.11
1629246900.0,27.11
1629247200.0,27.11
1629247500.0,27.11
1629247800.0,27.12
1629248100.0,27.12
1629248400.0,27.12
1629248700.0,27.12
1629249000.0,27.1
1629249300.0,27.11
1629249600.0,27.11
1629249900.0,27.11
1629250200.0,27.11
1629250500.0,27.11
1629250800.0,27.11
1629251100.0,27.11
1629251400.0,27.11
1629251700.0,27.11
1629252000.0,27.11
1629252300.0,27.11
1629252600.0,27.11
1629252900.0,27.1
1629253200.0,27.08
1629253500.0,27.08
1629253800.0,27.08
1629254100.0,27.08
1629254400.0,27.08
1629254700.0,27.05
1629255000.0,27.05
1629255300.0,27.06
1629255600.0,27.05
1629255900.0,27.05
1629256200.0,27.06
1629256500.0,27.06
1629256800.0,27.06
1629257100.0,27.06
1629257400.0,27.05
1629257700.0,27.05
1629258000.0,27.06
1629258300.0,27.06
1629258600.0,27.06
1629258900.0,27.06
1629259200.0,27.06
1629259500.0,27.06
1629259800.0,27.06
1629260100.0,27.06
1629260400.0,27.07
1629260700.0,27.07
1629261000.0,27.07
1629261300.0,27.07
1629261600.0,27.07
1629261900.0,27.06
1629262200.0,27.05
1629262500.0,27.07
1629262800.0,27.07
1629263100.0,27.07
1629263400.0,27.05
1629263700.0,27.05
1629264000.0,27.05
1629264300.0,27.05
1629264600.0,27.06
1629264900.0,27.07
1629265200.0,27.07
1629265500.0,27.07
1629265800.0,27.07
1629266100.0,27.06
1629266400.0,27.06
1629266700.0,27.06
1629267000.0,27.06
1629267300.0,27.07
1629267600.0,27.05
1629267900.0,27.05
1629268200.0,27.07
1629268500.0,27.05
1629268800.0,27.07
1629269100.0,27.07
1629269400.0,27.05
1629269700.0,27.07
1629270000.0,27.05
1629270300.0,27.05
1629270600.0,27.07
1629270900.0,27.05
1629271200.0,27.07
1629271500.0,27.07
1629271800.0,27.05
1629272100.0,27.07
1629272400.0,27.05
1629272700.0,27.05
1629273000.0,27.05
1629273300.0,27.05
1629273600.0,27.05
1629273900.0,27.06
1629274200.0,27.07
1629274500.0,27.1
1629274800.0,27.1
1629275100.0,27.08
1629275400.0,27.09
1629275700.0,27.09
1629276000.0,27.09
1629276300.0,27.08
1629276600.0,27.09
1629276900.0,27.09
1629277200.0,27.09
1629277500.0,27.08
1629277800.0,27.09
1629278100.0,27.08
1629278400.0,27.09
1629278700.0,27.08
1629279000.0,27.08
1629279300.0,27.08
1629279600.0,27.09
1629279900.0,27.1
1629280200.0,27.09
1629280500.0,27.09
1629280800.0,27.09
1629281100.0,27.09
1629281400.0,27.09
1629281700.0,27.09
1629282000.0,27.08
1629282300.0,27.07
1629282600.0,27.09
1629282900.0,27.07
1629283200.0,27.03
1629283500.0,27.04
1629283800.0,27.04
1629284100.0,27.07
1629284400.0,27.08
1629284700.0,27.08
1629285000.0,27.08
1629285300.0,27.08
1629285600.0,27.06
1629285900.0,27.05
1629286200.0,27.04
1629286500.0,27.05
1629286800.0,27.05
1629287100.0,27.06
1629287400.0,27.06
1629287700.0,27.04
1629288000.0,27.03
1629288300.0,27.02
1629288600.0,27.01
1629288900.0,27.01
1629289200.0,27.03
1629289500.0,27.0
1629289800.0,26.99
1629290100.0,26.99
1629290400.0,27.03
1629290700.0,27.02
1629291000.0,27.04
1629291300.0,27.09
1629291600.0,27.09
1629291900.0,27.08
1629292200.0,27.09
1629292500.0,27.11
1629292800.0,27.1
1629293100.0,27.1
1629293400.0,27.1
1629293700.0,27.1
1629294000.0,27.09
1629294300.0,27.1
1629294600.0,27.1
1629294900.0,27.08
1629295200.0,27.1
1629295500.0,27.08
1629295800.0,27.08
1629296100.0,27.08
1629296400.0,27.08
1629296700.0,27.08
1629297000.0,27.07
1629297300.0,27.06
1629297600.0,27.07
1629297900.0,27.07
1629298200.0,27.09
1629298500.0,27.06
1629298800.0,27.05
1629299100.0,27.08
1629299400.0,27.09
1629299700.0,27.05
1629300000.0,27.04
1629300300.0,27.08
1629300600.0,27.06
1629300900.0,27.08
1629301200.0,27.06
1629301500.0,27.03
1629301800.0,27.04
1629302100.0,27.08
1629302400.0,27.07
1629302700.0,27.08
1629303000.0,27.06
1629303300.0,27.06
1629303600.0,27.06
1629303900.0,27.08
1629304200.0,27.08
1629304500.0,27.11
1629304800.0,27.1
1629305100.0,27.08
1629305400.0,27.06
1629305700.0,27.07
1629306000.0,27.06
1629306300.0,27.06
1629306600.0,27.05
1629306900.0,27.06
1629307200.0,27.05
1629307500.0,27.05
1629307800.0,27.06
1629308100.0,27.06
1629308400.0,27.06
1629308700.0,27.08
1629309000.0,27.04
1629309300.0,27.03
1629309600.0,27.08
1629309900.0,27.06
1629310200.0,27.03
1629310500.0,27.05
1629310800.0,27.05
1629311100.0,27.08
1629311400.0,27.1
1629311700.0,27.07
1629312000.0,27.05
1629312300.0,27.08
1629312600.0,27.1
1629312900.0,27.09
1629313200.0,27.08
1629313500.0,27.07
1629313800.0,27.03
1629314100.0,27.07
1629314400.0,27.07
1629314700.0,27.09
1629315000.0,27.1
1629315300.0,27.13
1629315600.0,27.14
1629315900.0,27.14
1629316200.0,27.12
1629316500.0,27.13
1629316800.0,27.13
1629317100.0,27.11
1629317400.0,27.1
1629317700.0,27.12
1629318000.0,27.1
1629318300.0,27.12
1629318600.0,27.1
1629318900.0,27.11
1629319200.0,27.12
1629319500.0,27.12
1629319800.0,27.1
1629320100.0,27.12
1629320400.0,27.12
1629320700.0,27.12
1629321000.0,27.11
1629321300.0,27.11
1629321600.0,27.12
1629321900.0,27.12
1629322200.0,27.12
1629322500.0,27.12
1629322800.0,27.12
1629323100.0,27.12
1629323400.0,27.11
1629323700.0,27.11
1629324000.0,27.11
1629324300.0,27.11
1629324600.0,27.11
1629324900.0,27.1
1629325200.0,27.11
1629325500.0,27.11
1629325800.0,27.1
1629326100.0,27.1
1629326400.0,27.08
1629326700.0,27.09
1629327000.0,27.06
1629327300.0,27.05
1629327600.0,27.05
1629327900.0,27.05
1629328200.0,27.04
1629328500.0,27.03
1629328800.0,27.03
1629329100.0,27.03
1629329400.0,27.03
1629329700.0,27.04
1629330000.0,27.03
1629330300.0,27.03
1629330600.0,27.03
1629330900.0,27.03
1629331200.0,27.03
1629331500.0,27.03
1629331800.0,27.03
1629332100.0,27.03
1629332400.0,27.03
1629332700.0,27.03
1629333000.0,27.03
1629333300.0,27.03
1629333600.0,27.03
1629333900.0,27.03
1629334200.0,27.03
1629334500.0,27.03
1629334800.0,27.03
1629335100.0,27.04
1629335400.0,27.03
1629335700.0,27.03
1629336000.0,27.03
1629336300.0,27.03
1629336600.0,27.03
1629336900.0,27.03
1629337200.0,27.03
1629337500.0,27.03
1629337800.0,27.03
1629338100.0,27.03
1629338400.0,27.03
1629338700.0,27.03
1629339000.0,27.03
1629339300.0,27.03
1629339600.0,27.03
1629339900.0,27.03
1629340200.0,27.03
1629340500.0,27.03
1629340800.0,27.03
1629341100.0,27.03
1629341400.0,27.03
1629341700.0,27.03
1629342000.0,27.03
1629342300.0,27.03
1629342600.0,27.04
1629342900.0,27.04
1629343200.0,27.03
1629343500.0,27.03
1629343800.0,27.03
1629344100.0,27.03
1629344400.0,27.03
1629344700.0,27.03
1629345000.0,27.03
1629345300.0,27.03
1629345600.0,27.04
1629345900.0,27.04
1629346200.0,27.04
1629346500.0,27.04
1629346800.0,27.04
1629347100.0,27.02
1629347400.0,27.02
1629347700.0,27.02
1629348000.0,27.02
1629348300.0,27.02
1629348600.0,27.02
1629348900.0,27.04
1629349200.0,27.04
1629349500.0,27.04
1629349800.0,27.02
1629350100.0,27.02
1629350400.0,27.03
1629350700.0,27.03
1629351000.0,27.04
1629351300.0,27.02
1629351600.0,27.02
1629351900.0,27.04
1629352200.0,27.04
1629352500.0,27.02
1629352800.0,27.04
1629353100.0,27.02
1629353400.0,27.02
1629353700.0,27.02
1629354000.0,27.02
1629354300.0,27.04
1629354600.0,27.04
1629354900.0,27.02
1629355200.0,27.04
1629355500.0,27.04
1629355800.0,27.05
1629356100.0,27.05
1629356400.0,27.04
1629356700.0,27.03
1629357000.0,27.03
1629357300.0,27.05
1629357600.0,27.02
1629357900.0,27.05
1629358200.0,27.05
1629358500.0,27.05
1629358800.0,27.05
1629359100.0,27.04
1629359400.0,27.03
1629359700.0,27.05
1629360000.0,27.05
1629360300.0,27.05
1629360600.0,27.05
1629360900.0,27.05
1629361200.0,27.04
1629361500.0,27.04
1629361800.0,27.05
1629362100.0,27.04
1629362400.0,27.04
1629362700.0,27.05
1629363000.0,27.05
1629363300.0,27.04
1629363600.0,27.05
1629363900.0,27.06
1629364200.0,27.06
1629364500.0,27.06
1629364800.0,27.06
1629365100.0,27.09
1629365400.0,27.06
1629365700.0,27.06
1629365700.0,27.06
1629366000.0,27.06
1629366300.0,27.06
1629366600.0,27.08
1629366900.0,27.07
1629367200.0,27.06
1629367500.0,27.06
1629367800.0,27.06
1629368100.0,27.05
1629368400.0,27.05
1629368700.0,27.06
1629369000.0,27.06
1629369300.0,27.07
1629369600.0,27.08
1629369900.0,27.08
1629370200.0,27.09
1629370500.0,27.08
1629370800.0,27.09
1629371100.0,27.1
1629371400.0,27.1
1629371700.0,27.07
1629372000.0,27.07
1629372300.0,27.1
1629372600.0,27.08
1629372900.0,27.08
1629373200.0,27.11
1629373500.0,27.07
1629373800.0,27.09
1629374100.0,27.09
1629374400.0,27.09
1629374700.0,27.1
1629375000.0,27.08
1629375300.0,27.07
1629375600.0,27.07
1629375900.0,27.07
1629376200.0,27.06
1629376500.0,27.08
1629376800.0,27.08
1629377100.0,27.08
1629377400.0,27.08
1629377700.0,27.08
1629378000.0,27.06
1629378300.0,27.06
1629378600.0,27.08
1629378900.0,27.09
1629379200.0,27.09
1629379500.0,27.08
1629379800.0,27.08
1629380100.0,27.07
1629380400.0,27.08
1629380700.0,27.08
1629381000.0,27.07
1629381300.0,27.08
1629381600.0,27.07
1629381900.0,27.08
1629382200.0,27.07
1629382500.0,27.07
1629382800.0,27.07
1629383100.0,27.06
1629383400.0,27.06
1629383700.0,27.06
1629384000.0,27.05
1629384300.0,27.06
1629384600.0,27.06
1629384900.0,27.05
1629385200.0,27.05
1629385500.0,27.09
1629385800.0,27.05
1629386100.0,27.05
1629386400.0,27.07
1629386700.0,27.04
1629387000.0,27.05
1629387300.0,27.04
1629387600.0,27.06
1629387900.0,27.05
1629388200.0,27.08
1629388500.0,27.06
1629388800.0,27.06
1629389100.0,27.04
1629389400.0,27.06
1629389700.0,27.07
1629390000.0,27.07
1629390300.0,27.09
1629390600.0,27.08
1629390900.0,27.09
1629391200.0,27.09
1629391500.0,27.09
1629391800.0,27.08
1629392100.0,27.08
1629392400.0,27.06
1629392700.0,27.07
1629393000.0,27.07
1629393300.0,27.05
1629393600.0,27.07
1629393900.0,27.05
1629394200.0,27.02
1629394500.0,27.03
1629394800.0,27.03
1629395100.0,27.01
1629395400.0,26.98
1629395700.0,26.99
1629396000.0,27.04
1629396300.0,27.04
1629396600.0,27.04
1629396900.0,27.0
1629397200.0,26.98
1629397500.0,26.99
1629397800.0,26.99
1629398100.0,27.0
1629398400.0,26.97
1629398700.0,27.01
1629399000.0,27.03
1629399300.0,27.04
1629399600.0,27.06
1629399900.0,27.05
1629400200.0,27.08
1629400500.0,27.05
1629400800.0,27.0
1629401100.0,27.05
1629401400.0,27.06
1629401700.0,27.06
1629402000.0,27.01
1629402300.0,27.01
1629402600.0,27.03
1629402900.0,27.05
1629403200.0,27.05
1629403500.0,27.03
1629403800.0,27.03
1629404100.0,27.03
1629404400.0,27.01
1629404700.0,27.03
1629405000.0,27.06
1629405300.0,27.03
1629405600.0,27.06
1629405900.0,27.02
1629406200.0,27.06
1629406500.0,27.03
1629406800.0,27.06
1629407100.0,27.06
1629407400.0,27.07
1629407700.0,27.06
1629408000.0,27.06
1629408300.0,27.06
1629408600.0,27.06
1629408900.0,27.06
1629409200.0,27.04
1629409500.0,27.04
1629409800.0,27.04
1629410100.0,27.06
1629410400.0,27.04
1629410700.0,27.04
1629411000.0,27.06
1629411300.0,27.04
1629411600.0,27.04
1629411900.0,27.07
1629412200.0,27.05
1629412500.0,27.04
1629412800.0,27.07
1629413100.0,27.07
1629413400.0,27.04
1629413700.0,27.05
1629414000.0,27.04
1629414300.0,27.05
1629414600.0,27.06
1629414900.0,27.06
1629415200.0,27.04
1629415500.0,27.04
1629415800.0,27.02
1629416100.0,27.0
1629416400.0,27.0
1629416700.0,27.0
1629417000.0,27.04
1629417300.0,27.03
1629417600.0,27.0
1629417900.0,27.0
1629418200.0,27.0
1629418500.0,27.0
1629418800.0,27.01
1629419100.0,27.01
1629419400.0,27.02
1629419700.0,27.02
1629420000.0,27.02
1629420300.0,27.0
1629420600.0,27.0
1629420900.0,27.0
1629421200.0,27.0
1629421500.0,27.0
1629421800.0,27.0
1629422100.0,27.0
1629422400.0,27.0
1629422700.0,27.0
1629423000.0,27.02
1629423300.0,27.02
1629423600.0,27.02
1629423900.0,27.02
1629424200.0,27.0
1629424500.0,27.0
1629424800.0,27.0
1629425100.0,27.0
1629425400.0,27.0
1629425700.0,27.0
1629426000.0,27.0
1629426300.0,27.0
1629426600.0,27.0
1629426900.0,27.0
1629427200.0,27.0
1629427500.0,27.0
1629427800.0,27.0
1629428100.0,27.0
1629428400.0,27.0
1629428700.0,27.0
1629429000.0,27.0
1629429300.0,27.0
1629429600.0,27.0
1629429900.0,26.99
1629430200.0,26.99
1629430500.0,26.99
1629430800.0,27.0
1629431100.0,26.99
1629431400.0,26.99
1629431700.0,26.99
1629432000.0,26.99
1629432300.0,26.99
1629432600.0,26.99
1629432900.0,27.0
1629433200.0,27.0
1629433500.0,26.99
1629433800.0,27.0
1629434100.0,26.99
1629434400.0,26.99
1629434700.0,26.99
1629435000.0,26.99
1629435300.0,27.0
1629435600.0,26.98
1629435900.0,26.98
1629436200.0,26.98
1629436500.0,26.98
1629436800.0,26.98
1629437100.0,26.98
1629437400.0,26.98
1629437700.0,27.0
1629438000.0,27.0
1629438300.0,27.01
1629438600.0,27.01
1629438900.0,27.01
1629439200.0,27.0
1629439500.0,26.98
1629439800.0,26.97
1629440100.0,26.98
1629440400.0,26.98
1629440700.0,26.98
1629441000.0,26.98
1629441300.0,26.98
1629441600.0,26.98
1629441900.0,26.98
1629442200.0,26.98
1629442500.0,26.98
1629442800.0,26.98
1629443100.0,26.97
1629443400.0,26.98
1629443700.0,26.97
1629444000.0,26.96
1629444300.0,26.98
1629444600.0,27.01
1629444900.0,27.02
1629445200.0,27.01
1629445500.0,27.0
1629445800.0,27.0
1629446100.0,27.02
1629446400.0,27.02
1629446700.0,26.99
1629447000.0,26.99
1629447300.0,26.99
1629447600.0,27.0
1629447900.0,27.03
1629448200.0,27.03
1629448500.0,27.05
1629448800.0,27.02
1629449100.0,27.07
1629449400.0,27.07
1629449700.0,27.04
1629450000.0,27.04
1629450300.0,27.04
1629450600.0,27.03
1629450900.0,27.05
1629451200.0,27.05
1629451500.0,27.05
1629451800.0,27.03
1629452100.0,27.03
1629452400.0,27.03
1629452700.0,27.02
1629453000.0,27.02
1629453300.0,27.03
1629453600.0,27.02
1629453900.0,27.02
1629454200.0,27.03
1629454500.0,27.03
1629454800.0,27.01
1629455100.0,27.03
1629455400.0,27.03
1629455700.0,27.03
1629456000.0,27.03
1629456300.0,27.03
1629456600.0,27.03
1629456900.0,27.03
1629457200.0,27.03
1629457500.0,27.03
1629457800.0,27.01
1629458100.0,27.0
1629458400.0,27.03
1629458700.0,27.02
1629459000.0,27.02
1629459300.0,27.01
1629459600.0,27.01
1629459900.0,27.02
1629460200.0,27.02
1629460500.0,27.02
1629460800.0,27.02
1629461100.0,27.02
1629461400.0,27.02
1629461700.0,27.04
1629462000.0,27.04
1629462300.0,27.05
1629462600.0,27.02
1629462900.0,27.02
1629463200.0,27.04
1629463500.0,27.02
1629463800.0,27.02
1629464100.0,27.03
1629464400.0,27.04
1629464700.0,27.03
1629465000.0,27.02
1629465300.0,27.03
1629465600.0,27.02
1629465900.0,27.0
1629466200.0,27.03
1629466500.0,27.02
1629466800.0,27.02
1629467100.0,27.02
1629467400.0,27.02
1629467700.0,27.02
1629468000.0,27.02
1629468300.0,27.02
1629468600.0,27.02
1629468900.0,27.02
1629469200.0,27.02
1629469500.0,27.01
1629469800.0,27.02
1629470100.0,27.02
1629470400.0,27.02
1629470700.0,27.02
1629471000.0,27.01
1629471300.0,27.02
1629471600.0,27.01
1629471900.0,27.01
1629472200.0,26.97
1629472500.0,26.97
1629472800.0,26.97
1629473100.0,26.97
1629473400.0,26.97
1629473700.0,27.02
1629474000.0,27.04
1629474300.0,27.03
1629474600.0,27.03
1629474900.0,27.05
1629475200.0,27.03
1629475500.0,27.05
1629475800.0,27.03
1629476100.0,27.03
1629476400.0,27.03
1629476700.0,27.05
1629477000.0,27.05
1629477300.0,27.04
1629477600.0,27.04
1629477900.0,27.04
1629478200.0,27.03
1629478500.0,27.05
1629478800.0,27.04
1629479100.0,27.04
1629479400.0,27.04
1629479700.0,27.03
1629480000.0,27.0
1629480300.0,27.03
1629480600.0,27.03
1629480900.0,27.01
1629481200.0,26.97
1629481500.0,27.01
1629481800.0,27.01
1629482100.0,27.0
1629482400.0,27.03
1629482700.0,27.03
1629483000.0,27.03
1629483300.0,27.03
1629483600.0,27.03
1629483900.0,27.0
1629484200.0,27.01
1629484500.0,27.03
1629484800.0,27.02
1629485100.0,27.02
1629485400.0,27.01
1629485700.0,27.01
1629486000.0,27.02
1629486300.0,27.02
1629486600.0,27.03
1629486900.0,27.02
1629487200.0,27.03
1629487500.0,27.03
1629487800.0,27.02
1629488100.0,27.03
1629488400.0,27.03
1629488700.0,27.03
1629489000.0,27.02
1629489300.0,26.99
1629489600.0,27.05
1629489900.0,27.05
1629490200.0,27.02
1629490500.0,27.02
1629490800.0,27.05
1629491100.0,27.02
1629491400.0,27.03
1629491700.0,27.03
1629492000.0,27.03
1629492300.0,27.02
1629492600.0,27.03
1629492900.0,27.03
1629493200.0,27.02
1629493500.0,27.03
1629493800.0,27.03
1629494100.0,27.02
1629494400.0,27.03
1629494700.0,27.03
1629495000.0,27.03
1629495300.0,27.03
1629495600.0,27.03
1629495900.0,27.03
1629496200.0,27.02
1629496500.0,27.03
1629496800.0,27.03
1629497100.0,27.02
1629497400.0,27.03
1629497700.0,27.03
1629498000.0,27.03
1629498300.0,27.03
1629498600.0,27.03
1629498900.0,27.03
1629499200.0,27.02
1629499500.0,27.02
1629499800.0,27.01
1629500100.0,27.01
1629500400.0,27.01
1629500700.0,27.02
1629501000.0,27.02
1629501300.0,27.03
1629501600.0,27.03
1629501900.0,27.04
1629502200.0,27.02
1629502500.0,27.01
1629502800.0,27.0
1629503100.0,27.01
1629503400.0,27.01
1629503700.0,27.01
1629504000.0,27.03
1629504300.0,27.03
1629504600.0,27.03
1629504900.0,27.03
1629505200.0,27.04
1629505500.0,27.04
1629505800.0,27.04
1629506100.0,27.04
1629506400.0,27.04
1629506700.0,27.04
1629507000.0,27.04
1629507300.0,27.04
1629507600.0,27.04
1629507900.0,27.04
1629508200.0,27.04
1629508500.0,27.04
1629508800.0,27.04
1629509100.0,27.03
1629509400.0,27.03
1629509700.0,27.03
1629510000.0,27.01
1629510300.0,27.0
1629510600.0,27.0
1629510900.0,27.0
1629511200.0,27.0
1629511500.0,27.0
1629511800.0,27.0
1629512100.0,27.01
1629512400.0,27.01
1629512700.0,27.01
1629513000.0,27.01
1629513300.0,27.0
1629513600.0,27.0
1629513900.0,27.0
1629514200.0,27.0
1629514500.0,27.0
1629514800.0,27.0
1629515100.0,27.0
1629515400.0,27.0
1629515400.0,27.0
1629515700.0,27.0
1629516000.0,27.01
1629516300.0,27.0
1629516600.0,27.0
1629516900.0,27.0
1629517200.0,27.0
1629517500.0,27.01
1629517800.0,27.0
1629518100.0,27.0
1629518400.0,27.0
1629518700.0,27.0
1629519000.0,27.0
1629519300.0,27.01
1629519600.0,27.0
1629519900.0,27.0
1629520200.0,27.02
1629520500.0,27.0
1629520800.0,27.0
1629521100.0,27.02
1629521400.0,27.02
1629521700.0,27.02
1629522000.0,27.02
1629522300.0,27.0
1629522600.0,27.03
1629522900.0,27.04
1629523200.0,27.03
1629523500.0,27.04
1629523800.0,27.04
1629524100.0,27.04
1629524400.0,27.04
1629524700.0,27.04
1629525000.0,27.03
1629525300.0,27.03
1629525600.0,27.02
1629525900.0,27.02
1629526200.0,27.02
1629526500.0,27.0
1629526800.0,27.02
1629527100.0,27.02
1629527400.0,27.02
1629527700.0,27.03
1629528000.0,27.02
1629528300.0,27.02
1629528600.0,27.0
1629528900.0,27.01
1629529200.0,27.01
1629529500.0,27.01
1629529800.0,27.01
1629530100.0,27.01
1629530400.0,27.01
1629530700.0,27.0
1629531000.0,27.0
1629531300.0,27.0
1629531600.0,26.99
1629531900.0,27.0
1629532200.0,27.0
1629532500.0,27.0
1629532800.0,27.0
1629533100.0,27.0
1629533400.0,27.0
1629533700.0,27.01
1629534000.0,27.01
1629534300.0,27.01
1629534600.0,27.01
1629534900.0,27.01
1629535200.0,27.03
1629535500.0,27.03
1629535800.0,27.04
1629536100.0,27.05
1629536400.0,27.04
1629536700.0,27.05
1629537000.0,27.03
1629537300.0,27.03
1629537600.0,27.03
1629537900.0,27.05
1629538200.0,27.05
1629538500.0,27.03
1629538800.0,27.01
1629539100.0,27.0
1629539400.0,27.01
1629539700.0,27.01
1629540000.0,27.01
1629540300.0,27.0
1629540600.0,27.02
1629540900.0,27.03
1629541200.0,27.03
1629541500.0,27.03
1629541800.0,27.04
1629542100.0,27.04
1629542400.0,27.02
1629542700.0,27.02
1629543000.0,27.0
1629543300.0,27.0
1629543600.0,27.0
1629543900.0,26.98
1629544200.0,26.98
1629544500.0,26.98
1629544800.0,26.98
1629545100.0,26.98
1629545400.0,26.99
1629545700.0,26.99
1629546000.0,26.98
1629546300.0,26.97
1629546600.0,26.98
1629546900.0,26.97
1629547200.0,26.98
1629547500.0,26.97
1629547800.0,26.98
1629548100.0,26.98
1629548400.0,26.98
1629548700.0,26.98
1629549000.0,26.98
1629549300.0,26.99
1629549600.0,26.99
1629549900.0,26.99
1629550200.0,26.99
1629550500.0,26.99
1629550800.0,26.97
1629551100.0,26.95
1629551400.0,26.95
1629551700.0,26.95
1629552000.0,26.95
1629552300.0,26.95
1629552600.0,26.98
1629552900.0,26.97
1629553200.0,26.98
1629553500.0,26.98
1629553800.0,26.97
1629554100.0,26.98
1629554400.0,26.98
1629554700.0,26.98
1629555000.0,26.96
1629555300.0,26.95
1629555600.0,26.96
1629555900.0,26.95
1629556200.0,26.96
1629556500.0,26.96
1629556800.0,26.95
1629557100.0,26.95
1629557400.0,26.96
1629557700.0,26.95
1629558000.0,26.96
1629558300.0,26.95
1629558600.0,26.96
1629558900.0,26.98
1629559200.0,26.98
1629559500.0,26.98
1629559800.0,26.99
1629560100.0,26.99
1629560400.0,27.0
1629560700.0,27.0
1629561000.0,26.99
1629561300.0,26.98
1629561600.0,26.98
1629561900.0,27.0
1629562200.0,26.98
1629562500.0,26.98
1629562800.0,26.99
1629563100.0,26.99
1629563400.0,26.98
1629563700.0,26.99
1629564000.0,26.99
1629564300.0,26.98
1629564600.0,26.98
1629564900.0,26.98
1629565200.0,26.96
1629565500.0,26.96
1629565800.0,26.99
1629566100.0,26.99
1629566400.0,26.99
1629566700.0,26.99
1629567000.0,26.99
1629567300.0,26.99
1629567600.0,26.99
1629567900.0,26.98
1629568200.0,26.95
1629568500.0,26.96
1629568800.0,26.96
1629569100.0,26.96
1629569400.0,26.97
1629569700.0,26.99
1629570000.0,26.99
1629570300.0,26.99
1629570600.0,27.0
1629570900.0,27.01
1629571200.0,27.02
1629571500.0,27.02
1629571800.0,27.02
1629572100.0,27.02
1629572400.0,27.01
1629572700.0,27.01
1629573000.0,27.0
1629573300.0,27.02
1629573600.0,27.0
1629573900.0,27.01
1629574200.0,27.01
1629574500.0,27.01
1629574800.0,27.01
1629575100.0,27.01
1629575400.0,27.01
1629575700.0,27.01
1629576000.0,27.01
1629576300.0,27.01
1629576600.0,27.0
1629576900.0,27.0
1629577200.0,27.0
1629577500.0,27.0
1629577800.0,27.0
1629578100.0,26.99
1629578400.0,26.99
1629578700.0,27.0
1629579000.0,27.0
1629579300.0,26.99
1629579600.0,27.0
1629579900.0,26.99
1629580200.0,27.0
1629580500.0,27.0
1629580800.0,26.99
1629581100.0,26.99
1629581400.0,27.0
1629581700.0,27.0
1629582000.0,27.0
1629582300.0,27.0
1629582600.0,27.0
1629582900.0,26.99
1629583200.0,27.0
1629583500.0,27.0
1629583800.0,26.99
1629584100.0,27.0
1629584400.0,26.99
1629584700.0,27.0
1629585000.0,26.99
1629585300.0,26.99
1629585600.0,26.99
1629585900.0,26.99
1629586200.0,26.99
1629586500.0,26.99
1629586800.0,26.99
1629587100.0,26.99
1629587400.0,26.99
1629587700.0,26.99
1629588000.0,26.98
1629588300.0,26.98
1629588600.0,26.98
1629588900.0,26.98
1629589200.0,26.98
1629589500.0,26.99
1629589800.0,26.99
1629590100.0,26.99
1629590400.0,26.99
1629590700.0,26.99
1629591000.0,26.98
1629591300.0,26.98
1629591600.0,26.98
1629591900.0,26.98
1629592200.0,26.98
1629592500.0,26.98
1629592800.0,26.99
1629593100.0,26.99
1629593400.0,26.99
1629593700.0,26.99
1629594000.0,26.99
1629594300.0,26.99
1629594600.0,26.99
1629594900.0,26.99
1629595200.0,26.99
1629595500.0,26.99
1629595800.0,26.99
1629596100.0,26.98
1629596400.0,26.98
1629596700.0,26.98
1629597000.0,26.98
1629597300.0,26.98
1629597600.0,26.98
1629597900.0,26.96
1629598200.0,26.96
1629598500.0,26.96
1629598800.0,26.96
1629599100.0,26.96
1629599400.0,26.96
1629599700.0,26.96
1629600000.0,26.96
1629600300.0,26.96
1629600600.0,26.96
1629600900.0,26.96
1629601200.0,26.96
1629601500.0,26.96
1629601800.0,26.95
1629602100.0,26.96
1629602400.0,26.96
1629602700.0,26.96
1629603000.0,26.96
1629603300.0,26.96
1629603600.0,26.96
1629603900.0,26.96
1629604200.0,26.96
1629604500.0,26.96
1629604800.0,26.96
1629605100.0,26.96
1629605400.0,26.96
1629605700.0,26.97
1629606000.0,26.97
1629606300.0,26.99
1629606600.0,26.99
1629606900.0,26.99
1629607200.0,26.97
1629607500.0,26.97
1629607800.0,26.97
1629608100.0,27.0
1629608400.0,26.98
1629608700.0,26.97
1629609000.0,26.97
1629609300.0,26.97
1629609600.0,26.97
1629609900.0,26.98
1629610200.0,26.97
1629610500.0,26.98
1629610800.0,26.97
1629611100.0,26.98
1629611400.0,26.98
1629611700.0,26.97
1629612000.0,26.98
1629612300.0,26.98
1629612600.0,26.98
1629612900.0,26.98
1629613200.0,26.98
1629613500.0,26.98
1629613800.0,26.99
1629614100.0,26.99
1629614400.0,26.99
1629614700.0,26.99
1629615000.0,26.99
1629615300.0,26.99
1629615600.0,26.99
1629615900.0,26.99
1629616200.0,26.99
1629616500.0,26.99
1629616800.0,26.98
1629617100.0,26.98
1629617400.0,26.98
1629617700.0,26.98
1629618000.0,26.98
1629618300.0,26.98
1629618600.0,26.98
1629618900.0,26.97
1629619200.0,26.96
1629619500.0,26.96
1629619800.0,26.96
1629620100.0,26.96
1629620400.0,26.95
1629620700.0,26.96
1629621000.0,26.96
1629621300.0,26.98
1629621600.0,26.98
1629621900.0,26.98
1629622200.0,26.98
1629622500.0,26.98
1629622800.0,26.98
1629623100.0,26.98
1629623400.0,26.98
1629623700.0,26.97
1629624000.0,26.98
1629624300.0,26.98
1629624600.0,26.99
1629624900.0,26.99
1629625200.0,27.0
1629625500.0,27.01
1629625800.0,26.99
1629626100.0,26.99
1629626400.0,26.99
1629626700.0,26.98
1629627000.0,26.99
1629627300.0,26.99
1629627600.0,26.99
1629627900.0,26.99
1629628200.0,26.99
1629628500.0,26.98
1629628800.0,26.99
1629629100.0,26.99
1629629400.0,26.99
1629629700.0,26.99
1629630000.0,26.99
1629630300.0,26.99
1629630600.0,26.98
1629630900.0,26.98
1629631200.0,26.99
1629631500.0,26.99
1629631800.0,26.97
1629632100.0,26.98
1629632400.0,26.98
1629632700.0,26.98
1629633000.0,26.98
1629633300.0,26.98
1629633600.0,26.98
1629633900.0,26.98
1629634200.0,26.97
1629634500.0,26.98
1629634800.0,26.98
1629635100.0,26.98
1629635400.0,26.98
1629635700.0,26.98
1629636000.0,26.98
1629636300.0,26.97
1629636600.0,26.98
1629636900.0,26.98
1629637200.0,26.98
1629637500.0,26.98
1629637800.0,26.98
1629638100.0,26.98
1629638400.0,26.99
1629638700.0,26.99
1629639000.0,26.99
1629639300.0,26.99
1629639600.0,26.98
1629639900.0,26.99
1629640200.0,26.98
1629640500.0,26.98
1629640800.0,26.97
1629641100.0,26.99
1629641400.0,26.98
1629641700.0,26.98
1629642000.0,26.98
1629642300.0,26.99
1629642600.0,26.99
1629642900.0,27.0
1629643200.0,26.99
1629643500.0,27.0
1629643800.0,26.98
1629644100.0,26.99
1629644400.0,26.99
1629644700.0,26.98
1629645000.0,26.99
1629645300.0,26.98
1629645600.0,26.98
1629645900.0,26.99
1629646200.0,26.99
1629646500.0,26.99
1629646800.0,26.99
1629647100.0,26.99
1629647400.0,26.98
1629647700.0,26.99
1629648000.0,26.99
1629648300.0,26.99
1629648600.0,26.98
1629648900.0,26.99
1629649200.0,26.98
1629649500.0,26.99
1629649800.0,26.98
1629650100.0,26.99
1629650400.0,26.98
1629650700.0,26.98
1629651000.0,26.99
1629651300.0,26.99
1629651600.0,26.99
1629651900.0,26.99
1629652200.0,26.99
1629652500.0,26.99
1629652800.0,26.97
1629653100.0,26.99
1629653400.0,26.99
1629653700.0,26.97
1629654000.0,26.97
1629654300.0,26.99
1629654600.0,26.98
1629654900.0,26.98
1629655200.0,26.98
1629655500.0,26.98
1629655800.0,26.99
1629656100.0,26.98
1629656400.0,26.99
1629656700.0,26.99
1629657000.0,26.99
1629657300.0,26.99
1629657600.0,26.98
1629657900.0,26.99
1629658200.0,26.99
1629658500.0,26.99
1629658800.0,26.99
1629659100.0,26.99
1629659400.0,26.99
1629659700.0,26.99
1629660000.0,26.97
1629660300.0,26.97
1629660600.0,26.98
1629660900.0,26.97
1629661200.0,26.99
1629661500.0,26.99
1629661800.0,26.97
1629662100.0,26.98
1629662400.0,26.97
1629662700.0,26.97
1629663000.0,26.97
1629663300.0,26.99
1629663600.0,26.98
1629663900.0,26.99
1629664200.0,26.99
1629664500.0,26.99
1629664800.0,26.99
1629665100.0,26.97
1629665100.0,26.97
1629665400.0,26.97
1629665700.0,26.97
1629666000.0,26.97
1629666300.0,26.97
1629666600.0,26.98
1629666900.0,26.99
1629667200.0,26.99
1629667500.0,26.99
1629667800.0,26.99
1629668100.0,26.98
1629668400.0,27.0
1629668700.0,26.99
1629669000.0,27.0
1629669300.0,26.99
1629669600.0,27.0
1629669900.0,27.0
1629670200.0,27.01
1629670500.0,26.99
1629670800.0,27.01
1629671100.0,27.0
1629671400.0,26.98
1629671700.0,26.98
1629672000.0,26.98
1629672300.0,26.99
1629672600.0,26.99
1629672900.0,26.99
1629673200.0,26.97
1629673500.0,26.97
1629673800.0,26.97
1629674100.0,26.97
1629674400.0,26.97
1629674700.0,26.97
1629675000.0,26.99
1629675300.0,26.97
1629675600.0,27.0
1629675900.0,26.97
1629676200.0,26.99
1629676500.0,26.99
1629676800.0,26.99
1629677100.0,26.97
1629677400.0,26.97
1629677700.0,26.96
1629678000.0,26.96
1629678300.0,26.96
1629678600.0,26.96
1629678900.0,26.96
1629679200.0,26.96
1629679500.0,26.96
1629679800.0,26.96
1629680100.0,26.97
1629680400.0,26.97
1629680700.0,26.97
1629681000.0,26.97
1629681300.0,26.97
1629681600.0,26.96
1629681900.0,26.94
1629682200.0,26.94
1629682500.0,26.94
1629682800.0,26.94
1629683100.0,26.94
1629683400.0,26.94
1629683700.0,26.94
1629684000.0,26.94
1629684300.0,26.95
1629684600.0,26.94
1629684900.0,26.94
1629685200.0,26.94
1629685500.0,26.94
1629685800.0,26.94
1629686100.0,26.94
1629686400.0,26.94
1629686700.0,26.94
1629687000.0,26.93
1629687300.0,26.95
1629687600.0,26.93
1629687900.0,26.91
1629688200.0,26.91
1629688500.0,26.89
1629688800.0,26.89
1629689100.0,26.89
1629689400.0,26.89
1629689700.0,26.89
1629690000.0,26.91
1629690300.0,26.9
1629690600.0,26.9
1629690900.0,26.89
1629691200.0,26.9
1629691500.0,26.9
1629691800.0,26.9
1629692100.0,26.9
1629692400.0,26.91
1629692700.0,26.89
1629693000.0,26.89
1629693300.0,26.89
1629693600.0,26.91
1629693900.0,26.89
1629694200.0,26.91
1629694500.0,26.89
1629694800.0,26.91
1629695100.0,26.94
1629695400.0,26.95
1629695700.0,26.97
1629696000.0,26.97
1629696300.0,26.95
1629696600.0,26.95
1629696900.0,26.95
1629697200.0,26.96
1629697500.0,26.95
1629697800.0,26.95
1629698100.0,26.94
1629698400.0,26.93
1629698700.0,26.91
1629699000.0,26.91
1629699300.0,26.91
1629699600.0,26.9
1629699900.0,26.95
1629700200.0,26.96
1629700500.0,26.93
1629700800.0,26.98
1629701100.0,26.95
1629701400.0,26.96
1629701700.0,26.95
1629702000.0,26.94
1629702300.0,26.91
1629702600.0,26.94
1629702900.0,26.95
1629703200.0,26.93
1629703500.0,26.98
1629703800.0,26.96
1629704100.0,26.96
1629704400.0,26.95
1629704700.0,26.94
1629705000.0,26.98
1629705300.0,26.96
1629705600.0,26.96
1629705900.0,26.97
1629706200.0,26.98
1629706500.0,26.98
1629706800.0,26.98
1629707100.0,26.98
1629707400.0,26.97
1629707700.0,26.97
1629708000.0,26.98
1629708300.0,26.98
1629708600.0,26.98
1629708900.0,26.98
1629709200.0,26.95
1629709500.0,26.95
1629709800.0,26.95
1629710100.0,26.96
1629710400.0,26.98
1629710700.0,26.99
1629711000.0,26.95
1629711300.0,26.98
1629711600.0,26.98
1629711900.0,26.97
1629712200.0,26.97
1629712500.0,27.0
1629712800.0,27.0
1629713100.0,27.0
1629713400.0,26.99
1629713700.0,26.99
1629714000.0,26.99
1629714300.0,26.99
1629714600.0,26.99
1629714900.0,26.99
1629715200.0,26.98
1629715500.0,26.99
1629715800.0,26.98
1629716100.0,26.99
1629716400.0,26.99
1629716700.0,26.99
1629717000.0,26.99
1629717300.0,26.97
1629717600.0,26.96
1629717900.0,26.99
1629718200.0,26.98
1629718500.0,27.0
1629718800.0,26.99
1629719100.0,26.98
1629719400.0,27.0
1629719700.0,26.99
1629720000.0,27.0
1629720300.0,26.98
1629720600.0,26.99
1629720900.0,27.0
1629721200.0,27.0
1629721500.0,27.0
1629721800.0,27.0
1629722100.0,27.0
1629722400.0,27.01
1629722700.0,27.02
1629723000.0,27.02
1629723300.0,27.03
1629723600.0,27.03
1629723900.0,27.03
1629724200.0,27.04
1629724500.0,27.04
1629724800.0,27.04
1629725100.0,27.03
1629725400.0,27.04
1629725700.0,27.03
1629726000.0,27.02
1629726300.0,27.04
1629726600.0,27.03
1629726900.0,27.04
1629727200.0,27.05
1629727500.0,27.05
1629727800.0,27.04
1629728100.0,27.04
1629728400.0,27.03
1629728700.0,27.03
1629729000.0,27.03
1629729300.0,27.03
1629729600.0,27.03
1629729900.0,27.01
1629730200.0,27.03
1629730500.0,27.02
1629730800.0,27.03
1629731100.0,27.05
1629731400.0,27.05
1629731700.0,27.05
1629732000.0,27.05
1629732300.0,27.05
1629732600.0,27.05
1629732900.0,27.05
1629733200.0,27.05
1629733500.0,27.05
1629733800.0,27.04
1629734100.0,27.07
1629734400.0,27.06
1629734700.0,27.06
1629735000.0,27.05
1629735300.0,27.06
1629735600.0,27.05
1629735900.0,27.05
1629736200.0,27.05
1629736500.0,27.04
1629736800.0,27.04
1629737100.0,27.04
1629737400.0,27.04
1629737700.0,27.06
1629738000.0,27.06
1629738300.0,27.06
1629738600.0,27.03
1629738900.0,27.04
1629739200.0,27.04
1629739500.0,27.04
1629739800.0,27.04
1629740100.0,27.03
1629740400.0,27.03
1629740700.0,27.04
1629741000.0,27.04
1629741300.0,27.04
1629741600.0,27.04
1629741900.0,27.04
1629742200.0,27.04
1629742500.0,27.03
1629742800.0,27.04
1629743100.0,27.04
1629743400.0,27.04
1629743700.0,27.02
1629744000.0,27.02
1629744300.0,27.02
1629744600.0,27.01
1629744900.0,27.02
1629745200.0,27.02
1629745500.0,27.02
1629745800.0,27.02
1629746100.0,27.0
1629746400.0,27.01
1629746700.0,27.01
1629747000.0,27.02
1629747300.0,27.02
1629747600.0,27.02
1629747900.0,27.01
1629748200.0,27.02
1629748500.0,27.02
1629748800.0,27.0
1629749100.0,27.02
1629749400.0,27.0
1629749700.0,27.02
1629750000.0,27.02
1629750300.0,27.02
1629750600.0,27.0
1629750900.0,27.02
1629751200.0,27.02
1629751500.0,27.02
1629751800.0,27.01
1629752100.0,27.02
1629752400.0,27.04
1629752700.0,27.05
1629753000.0,27.06
1629753300.0,27.06
1629753600.0,27.06
1629753900.0,27.06
1629754200.0,27.06
1629754500.0,27.06
1629754800.0,27.05
1629755100.0,27.05
1629755400.0,27.05
1629755700.0,27.04
1629756000.0,27.0
1629756300.0,27.0
1629756600.0,27.0
1629756900.0,27.0
1629757200.0,27.0
1629757500.0,27.04
1629757800.0,27.04
1629758100.0,27.04
1629758400.0,27.04
1629758700.0,27.03
1629759000.0,27.05
1629759300.0,27.04
1629759600.0,27.06
1629759900.0,27.06
1629760200.0,27.06
1629760500.0,27.04
1629760800.0,27.04
1629761100.0,27.04
1629761400.0,27.04
1629761700.0,27.02
1629762000.0,27.02
1629762300.0,27.02
1629762600.0,27.0
1629762900.0,27.01
1629763200.0,27.0
1629763500.0,27.0
1629763800.0,27.01
1629764100.0,27.0
1629764400.0,27.0
1629764700.0,27.0
1629765000.0,27.01
1629765300.0,27.01
1629765600.0,27.01
1629765900.0,27.0
1629766200.0,27.01
1629766500.0,27.01
1629766800.0,27.01
1629767100.0,27.01
1629767400.0,27.01
1629767700.0,27.0
1629768000.0,27.0
1629768300.0,27.0
1629768600.0,27.0
1629768900.0,27.0
1629769200.0,27.0
1629769500.0,27.0
1629769800.0,27.0
1629770100.0,27.0
1629770400.0,27.0
1629770700.0,27.0
1629771000.0,27.02
1629771300.0,27.02
1629771600.0,27.02
1629771900.0,27.02
1629772200.0,27.02
1629772500.0,27.02
1629772800.0,27.03
1629773100.0,27.03
1629773400.0,27.03
1629773700.0,27.05
1629774000.0,27.05
1629774300.0,27.05
1629774600.0,27.05
1629774900.0,27.05
1629775200.0,27.05
1629775500.0,27.05
1629775800.0,27.05
1629776100.0,27.05
1629776400.0,27.05
1629776700.0,27.05
1629777000.0,27.05
1629777300.0,27.05
1629777600.0,27.05
1629777900.0,27.04
1629778200.0,27.04
1629778500.0,27.05
1629778800.0,27.04
1629779100.0,27.03
1629779400.0,27.02
1629779700.0,27.01
1629780000.0,27.0
1629780300.0,26.99
1629780600.0,27.0
1629780900.0,26.99
1629781200.0,27.0
1629781500.0,27.0
1629781800.0,26.99
1629782100.0,26.99
1629782400.0,27.0
1629782700.0,26.99
1629783000.0,26.99
1629783300.0,27.0
1629783600.0,27.0
1629783900.0,27.0
1629784200.0,27.0
1629784500.0,27.0
1629784800.0,27.01
1629785100.0,27.01
1629785400.0,26.99
1629785700.0,26.99
1629786000.0,27.0
1629786300.0,27.0
1629786600.0,27.0
1629786900.0,27.0
1629787200.0,27.0
1629787500.0,27.01
1629787800.0,27.02
1629788100.0,27.02
1629788400.0,27.0
1629788700.0,26.99
1629789000.0,27.0
1629789300.0,27.0
1629789600.0,27.01
1629789900.0,27.02
1629790200.0,27.02
1629790500.0,27.02
1629790800.0,27.01
1629791100.0,27.01
1629791400.0,27.01
1629791700.0,27.01
1629792000.0,27.02
1629792300.0,27.02
1629792600.0,27.02
1629792900.0,27.01
1629793200.0,27.02
1629793500.0,27.02
1629793800.0,27.01
1629794100.0,27.02
1629794400.0,27.02
1629794700.0,27.02
1629795000.0,27.02
1629795300.0,27.02
1629795600.0,27.02
1629795900.0,27.02
1629796200.0,27.02
1629796500.0,27.01
1629796800.0,27.02
1629797100.0,27.02
1629797400.0,27.02
1629797700.0,27.01
1629798000.0,27.02
1629798300.0,27.02
1629798600.0,27.02
1629798900.0,27.02
1629799200.0,27.02
1629799500.0,27.02
1629799800.0,27.02
1629800100.0,27.02
1629800400.0,27.02
1629800700.0,27.02
1629801000.0,27.02
1629801300.0,27.03
1629801600.0,27.03
1629801900.0,27.03
1629802200.0,27.02
1629802500.0,27.02
1629802800.0,27.02
1629803100.0,27.01
1629803400.0,27.03
1629803700.0,27.01
1629804000.0,27.03
1629804300.0,27.03
1629804600.0,27.02
1629804900.0,27.03
1629805200.0,27.03
1629805500.0,27.03
1629805800.0,27.03
1629806100.0,27.03
1629806400.0,27.02
1629806700.0,27.01
1629807000.0,27.02
1629807300.0,27.03
1629807600.0,27.01
1629807900.0,27.03
1629808200.0,27.03
1629808500.0,27.01
1629808800.0,27.03
1629809100.0,27.03
1629809400.0,27.03
1629809700.0,27.03
1629810000.0,27.03
1629810300.0,27.03
1629810600.0,27.03
1629810900.0,27.03
1629811200.0,27.02
1629811500.0,27.03
1629811800.0,27.03
1629812100.0,27.02
1629812400.0,27.03
1629812700.0,27.06
1629813000.0,27.06
1629813300.0,27.07
1629813600.0,27.07
1629813900.0,27.09
1629814200.0,27.09
1629814500.0,27.09
1629814800.0,27.07
1629814800.0,27.07
1629815100.0,27.07
1629815400.0,27.07
1629815700.0,27.07
1629816000.0,27.08
1629816300.0,27.11
1629816600.0,27.09
1629816900.0,27.09
1629817200.0,27.09
1629817500.0,27.08
1629817800.0,27.09
1629818100.0,27.08
1629818400.0,27.09
1629818700.0,27.08
1629819000.0,27.08
1629819300.0,27.09
1629819600.0,27.09
1629819900.0,27.09
1629820200.0,27.07
1629820500.0,27.07
1629820800.0,27.07
1629821100.0,27.07
1629821400.0,27.05
1629821700.0,27.06
1629822000.0,27.07
1629822300.0,27.04
1629822600.0,27.05
1629822900.0,27.04
1629823200.0,27.04
1629823500.0,27.05
1629823800.0,27.04
1629824100.0,27.04
1629824400.0,27.05
1629824700.0,27.08
1629825000.0,27.07
1629825300.0,27.07
1629825600.0,27.07
1629825900.0,27.07
1629826200.0,27.07
1629826500.0,27.05
1629826800.0,27.05
1629827100.0,27.05
1629827400.0,27.05
1629827700.0,27.05
1629828000.0,27.04
1629828300.0,27.05
1629828600.0,27.06
1629828900.0,27.06
1629829200.0,27.05
1629829500.0,27.06
1629829800.0,27.06
1629830100.0,27.05
1629830400.0,27.07
1629830700.0,27.06
1629831000.0,27.06
1629831300.0,27.05
1629831600.0,27.04
1629831900.0,27.04
1629832200.0,27.04
1629832500.0,27.03
1629832800.0,27.03
1629833100.0,27.03
1629833400.0,27.03
1629833700.0,27.02
1629834000.0,27.02
1629834300.0,27.02
1629834600.0,27.03
1629834900.0,27.03
1629835200.0,27.03
1629835500.0,27.02
1629835800.0,27.03
1629836100.0,27.03
1629836400.0,27.03
1629836700.0,27.05
1629837000.0,27.04
1629837300.0,27.05
1629837600.0,27.08
1629837900.0,27.09
1629838200.0,27.08
1629838500.0,27.1
1629838800.0,27.07
1629839100.0,27.07
1629839400.0,27.09
1629839700.0,27.08
1629840000.0,27.09
1629840300.0,27.09
1629840600.0,27.07
1629840900.0,27.1
1629841200.0,27.08
1629841500.0,27.07
1629841800.0,27.11
1629842100.0,27.09
1629842400.0,27.09
1629842700.0,27.09
1629843000.0,27.07
1629843300.0,27.09
1629843600.0,27.07
1629843900.0,27.07
1629844200.0,27.07
1629844500.0,27.07
1629844800.0,27.07
1629845100.0,27.1
1629845400.0,27.1
1629845700.0,27.1
1629846000.0,27.1
1629846300.0,27.08
1629846600.0,27.08
1629846900.0,27.08
1629847200.0,27.08
1629847500.0,27.1
1629847800.0,27.1
1629848100.0,27.08
1629848400.0,27.08
1629848700.0,27.08
1629849000.0,27.08
1629849300.0,27.1
1629849600.0,27.08
1629849900.0,27.08
1629850200.0,27.08
1629850500.0,27.08
1629850800.0,27.08
1629851100.0,27.08
1629851400.0,27.08
1629851700.0,27.08
1629852000.0,27.08
1629852300.0,27.08
1629852600.0,27.08
1629852900.0,27.08
1629853200.0,27.08
1629853500.0,27.09
1629853800.0,27.09
1629854100.0,27.1
1629854400.0,27.1
1629854700.0,27.1
1629855000.0,27.1
1629855300.0,27.1
1629855600.0,27.1
1629855900.0,27.1
1629856200.0,27.1
1629856500.0,27.1
1629856800.0,27.08
1629857100.0,27.08
1629857400.0,27.08
1629857700.0,27.08
1629858000.0,27.08
1629858300.0,27.07
1629858600.0,27.06
1629858900.0,27.06
1629859200.0,27.06
1629859500.0,27.06
1629859800.0,27.05
1629860100.0,27.05
1629860400.0,27.05
1629860700.0,27.05
1629861000.0,27.05
1629861300.0,27.05
1629861600.0,27.05
1629861900.0,27.05
1629862200.0,27.05
1629862500.0,27.05
1629862800.0,27.05
1629863100.0,27.05
1629863400.0,27.05
1629863700.0,27.05
1629864000.0,27.04
1629864300.0,27.05
1629864600.0,27.05
1629864900.0,27.05
1629865200.0,27.05
1629865500.0,27.04
1629865800.0,27.04
1629866100.0,27.04
1629866400.0,27.04
1629866700.0,27.04
1629867000.0,27.04
1629867300.0,27.04
1629867600.0,27.04
1629867900.0,27.04
1629868200.0,27.05
1629868500.0,27.04
1629868800.0,27.04
1629869100.0,27.03
1629869400.0,27.03
1629869700.0,27.04
1629870000.0,27.03
1629870300.0,27.03
1629870600.0,27.03
1629870900.0,27.03
1629871200.0,27.05
1629871500.0,27.05
1629871800.0,27.03
1629872100.0,27.04
1629872400.0,27.04
1629872700.0,27.04
1629873000.0,27.05
1629873300.0,27.05
1629873600.0,27.04
1629873900.0,27.05
1629874200.0,27.05
1629874500.0,27.07
1629874800.0,27.08
1629875100.0,27.08
1629875400.0,27.06
1629875700.0,27.06
1629876000.0,27.08
1629876300.0,27.05
1629876600.0,27.05
1629876900.0,27.05
1629877200.0,27.05
1629877500.0,27.04
1629877800.0,27.02
1629878100.0,27.03
1629878400.0,27.01
1629878700.0,27.03
1629879000.0,27.01
1629879300.0,27.07
1629879600.0,27.05
1629879900.0,27.04
1629880200.0,27.05
1629880500.0,27.07
1629880800.0,27.07
1629881100.0,27.09
1629881400.0,27.11
1629881700.0,27.11
1629882000.0,27.12
1629882300.0,27.12
1629882600.0,27.1
1629882900.0,27.1
1629883200.0,27.09
1629883500.0,27.09
1629883800.0,27.1
1629884100.0,27.1
1629884400.0,27.09
1629884700.0,27.12
1629885000.0,27.12
1629885300.0,27.09
1629885600.0,27.09
1629885900.0,27.08
1629886200.0,27.08
1629886500.0,27.08
1629886800.0,27.11
1629887100.0,27.11
1629887400.0,27.11
1629887700.0,27.13
1629888000.0,27.11
1629888300.0,27.13
1629888600.0,27.12
1629888900.0,27.11
1629889200.0,27.11
1629889500.0,27.11
1629889800.0,27.1
1629890100.0,27.1
1629890400.0,27.11
1629890700.0,27.11
1629891000.0,27.13
1629891300.0,27.11
1629891600.0,27.14
1629891900.0,27.11
1629892200.0,27.11
1629892500.0,27.12
1629892800.0,27.11
1629893100.0,27.1
1629893400.0,27.1
1629893700.0,27.11
1629894000.0,27.11
1629894300.0,27.11
1629894600.0,27.13
1629894900.0,27.14
1629895200.0,27.14
1629895500.0,27.15
1629895800.0,27.11
1629896100.0,27.11
1629896400.0,27.12
1629896700.0,27.14
1629897000.0,27.14
1629897300.0,27.14
1629897600.0,27.12
1629897900.0,27.13
1629898200.0,27.15
1629898500.0,27.15
1629898800.0,27.16
1629899100.0,27.16
1629899400.0,27.15
1629899700.0,27.15
1629900000.0,27.15
1629900300.0,27.14
1629900600.0,27.15
1629900900.0,27.16
1629901200.0,27.14
1629901500.0,27.15
1629901800.0,27.15
1629902100.0,27.16
1629902400.0,27.15
1629902700.0,27.15
1629903000.0,27.14
1629903300.0,27.14
1629903600.0,27.16
1629903900.0,27.15
1629904200.0,27.16
1629904500.0,27.14
1629904800.0,27.15
1629905100.0,27.14
1629905400.0,27.14
1629905700.0,27.15
1629906000.0,27.14
1629906300.0,27.14
1629906600.0,27.13
1629906900.0,27.13
1629907200.0,27.12
1629907500.0,27.13
1629907800.0,27.12
1629908100.0,27.13
1629908400.0,27.04
1629908700.0,27.04
1629909000.0,27.04
1629909300.0,27.04
1629909600.0,27.04
1629909900.0,27.04
1629910200.0,27.06
1629910500.0,27.06
1629910800.0,27.1
1629911100.0,27.11
1629911400.0,27.13
1629911700.0,27.14
1629912000.0,27.14
1629912300.0,27.14
1629912600.0,27.14
1629912900.0,27.14
1629913200.0,27.13
1629913500.0,27.13
1629913800.0,27.12
1629914100.0,27.13
1629914400.0,27.13
1629914700.0,27.12
1629915000.0,27.12
1629915300.0,27.12
1629915600.0,27.13
1629915900.0,27.13
1629916200.0,27.13
1629916500.0,27.13
1629916800.0,27.13
1629917100.0,27.11
1629917400.0,27.13
1629917700.0,27.11
1629918000.0,27.13
1629918300.0,27.13
1629918600.0,27.12
1629918900.0,27.13
1629919200.0,27.12
1629919500.0,27.12
1629919800.0,27.12
1629920100.0,27.12
1629920400.0,27.13
1629920700.0,27.13
1629921000.0,27.14
1629921300.0,27.14
1629921600.0,27.13
1629921900.0,27.14
1629922200.0,27.14
1629922500.0,27.15
1629922800.0,27.15
1629923100.0,27.17
1629923400.0,27.14
1629923700.0,27.15
1629924000.0,27.15
1629924300.0,27.15
1629924600.0,27.16
1629924900.0,27.17
1629925200.0,27.17
1629925500.0,27.17
1629925800.0,27.17
1629926100.0,27.17
1629926400.0,27.17
1629926700.0,27.17
1629927000.0,27.17
1629927300.0,27.17
1629927600.0,27.17
1629927900.0,27.17
1629928200.0,27.17
1629928500.0,27.17
1629928800.0,27.17
1629929100.0,27.17
1629929400.0,27.16
1629929700.0,27.15
1629930000.0,27.16
1629930300.0,27.15
1629930600.0,27.14
1629930900.0,27.15
1629931200.0,27.17
1629931500.0,27.15
1629931800.0,27.15
1629932100.0,27.15
1629932400.0,27.16
1629932700.0,27.15
1629933000.0,27.15
1629933300.0,27.15
1629933600.0,27.15
1629933900.0,27.16
1629934200.0,27.17
1629934500.0,27.16
1629934800.0,27.16
1629935100.0,27.16
1629935400.0,27.18
1629935700.0,27.19
1629936000.0,27.19
1629936300.0,27.2
1629936600.0,27.2
1629936900.0,27.2
1629937200.0,27.2
1629937500.0,27.2
1629937800.0,27.2
1629938100.0,27.2
1629938400.0,27.19
1629938700.0,27.16
1629939000.0,27.16
1629939300.0,27.16
1629939600.0,27.16
1629939900.0,27.16
1629940200.0,27.16
1629940500.0,27.16
1629940800.0,27.18
1629941100.0,27.18
1629941400.0,27.18
1629941700.0,27.18
1629942000.0,27.18
1629942300.0,27.18
1629942600.0,27.18
1629942900.0,27.16
1629943200.0,27.16
1629943500.0,27.16
1629943800.0,27.16
1629944100.0,27.16
1629944400.0,27.16
1629944700.0,27.16
1629945000.0,27.16
1629945300.0,27.16
1629945600.0,27.16
1629945900.0,27.17
1629946200.0,27.18
1629946500.0,27.16
1629946800.0,27.14
1629947100.0,27.15
1629947400.0,27.15
1629947700.0,27.14
1629948000.0,27.14
1629948300.0,27.15
1629948600.0,27.14
1629948900.0,27.13
1629949200.0,27.13
1629949500.0,27.13
1629949800.0,27.12
1629950100.0,27.13
1629950400.0,27.12
1629950700.0,27.1
1629951000.0,27.12
1629951300.0,27.1
1629951600.0,27.1
1629951900.0,27.09
1629952200.0,27.1
1629952500.0,27.1
1629952800.0,27.1
1629953100.0,27.1
1629953400.0,27.1
1629953700.0,27.1
1629954000.0,27.1
1629954300.0,27.09
1629954600.0,27.1
1629954900.0,27.1
1629955200.0,27.1
1629955500.0,27.1
1629955800.0,27.1
1629956100.0,27.1
1629956400.0,27.1
1629956700.0,27.09
1629957000.0,27.13
1629957300.0,27.14
1629957600.0,27.15
1629957900.0,27.16
1629958200.0,27.16
1629958500.0,27.14
1629958800.0,27.15
1629959100.0,27.17
1629959400.0,27.17
1629959700.0,27.2
1629960000.0,27.18
1629960300.0,27.15
1629960600.0,27.15
1629960900.0,27.15
1629961200.0,27.15
1629961500.0,27.17
1629961800.0,27.17
1629962100.0,27.16
1629962400.0,27.16
1629962700.0,27.15
1629963000.0,27.15
1629963300.0,27.14
1629963600.0,27.13
1629963900.0,27.14
1629964200.0,27.14
1629964500.0,27.13
1629964500.0,27.13
1629964800.0,27.09
1629965100.0,27.1
1629965400.0,27.12
1629965700.0,27.14
1629966000.0,27.13
1629966300.0,27.15
1629966600.0,27.14
1629966900.0,27.15
1629967200.0,27.14
1629967500.0,27.14
1629967800.0,27.13
1629968100.0,27.12
1629968400.0,27.13
1629968700.0,27.13
1629969000.0,27.13
1629969300.0,27.14
1629969600.0,27.15
1629969900.0,27.15
1629970200.0,27.14
1629970500.0,27.16
1629970800.0,27.12
1629971100.0,27.15
1629971400.0,27.11
1629971700.0,27.16
1629972000.0,27.15
1629972300.0,27.16
1629972600.0,27.16
1629972900.0,27.18
1629973200.0,27.18
1629973500.0,27.2
1629973800.0,27.19
1629974100.0,27.19
1629974400.0,27.17
1629974700.0,27.16
1629975000.0,27.15
1629975300.0,27.15
1629975600.0,27.14
1629975900.0,27.14
1629976200.0,27.18
1629976500.0,27.18
1629976800.0,27.2
1629977100.0,27.19
1629977400.0,27.18
1629977700.0,27.17
1629978000.0,27.21
1629978300.0,27.21
1629978600.0,27.18
1629978900.0,27.23
1629979200.0,27.26
1629979500.0,27.16
1629979800.0,27.17
1629980100.0,27.15
1629980400.0,27.17
1629980700.0,27.18
1629981000.0,27.23
1629981300.0,27.24
1629981600.0,27.21
1629981900.0,27.24
1629982200.0,27.21
1629982500.0,27.19
1629982800.0,27.19
1629983100.0,27.19
1629983400.0,27.19
1629983700.0,27.24
1629984000.0,27.24
1629984300.0,27.23
1629984600.0,27.23
1629984900.0,27.22
1629985200.0,27.22
1629985500.0,27.21
1629985800.0,27.17
1629986100.0,27.16
1629986400.0,27.18
1629986700.0,27.16
1629987000.0,27.16
1629987300.0,27.16
1629987600.0,27.16
1629987900.0,27.16
1629988200.0,27.14
1629988500.0,27.12
1629988800.0,27.07
1629989100.0,27.07
1629989400.0,27.07
1629989700.0,27.06
1629990000.0,27.06
1629990300.0,27.1
1629990600.0,27.14
1629990900.0,27.15
1629991200.0,27.17
1629991500.0,27.17
1629991800.0,27.21
1629992100.0,27.21
1629992400.0,27.2
1629992700.0,27.16
1629993000.0,27.15
1629993300.0,27.15
1629993600.0,27.15
1629993900.0,27.15
1629994200.0,27.15
1629994500.0,27.16
1629994800.0,27.2
1629995100.0,27.16
1629995400.0,27.16
1629995700.0,27.17
1629996000.0,27.17
1629996300.0,27.17
1629996600.0,27.18
1629996900.0,27.17
1629997200.0,27.21
1629997500.0,27.22
1629997800.0,27.22
1629998100.0,27.2
1629998400.0,27.2
1629998700.0,27.2
1629999000.0,27.2
1629999300.0,27.2
1629999600.0,27.2
1629999900.0,27.19
1630000200.0,27.14
1630000500.0,27.14
1630000800.0,27.14
1630001100.0,27.14
1630001400.0,27.11
1630001700.0,27.15
1630002000.0,27.12
1630002300.0,27.16
1630002600.0,27.14
1630002900.0,27.12
1630003200.0,27.12
1630003500.0,27.14
1630003800.0,27.13
1630004100.0,27.13
1630004400.0,27.13
1630004700.0,27.16
1630005000.0,27.16
1630005300.0,27.14
1630005600.0,27.19
1630005900.0,27.2
1630006200.0,27.2
1630006500.0,27.2
1630006800.0,27.16
1630007100.0,27.17
1630007400.0,27.17
1630007700.0,27.16
1630008000.0,27.18
1630008300.0,27.18
1630008600.0,27.19
1630008900.0,27.19
1630009200.0,27.19
1630009500.0,27.19
1630009800.0,27.18
1630010100.0,27.19
1630010400.0,27.2
1630010700.0,27.2
1630011000.0,27.2
1630011300.0,27.2
1630011600.0,27.18
1630011900.0,27.2
1630012200.0,27.2
1630012500.0,27.2
1630012800.0,27.2
1630013100.0,27.2
1630013400.0,27.2
1630013700.0,27.2
1630014000.0,27.2
1630014300.0,27.21
1630014600.0,27.21
1630014900.0,27.21
1630015200.0,27.22
1630015500.0,27.23
1630015800.0,27.23
1630016100.0,27.22
1630016400.0,27.22
1630016700.0,27.22
1630017000.0,27.25
1630017300.0,27.25
1630017600.0,27.25
1630017900.0,27.25
1630018200.0,27.23
1630018500.0,27.23
1630018800.0,27.23
1630019100.0,27.23
1630019400.0,27.23
1630019700.0,27.24
1630020000.0,27.24
1630020300.0,27.24
1630020600.0,27.24
1630020900.0,27.24
1630021200.0,27.24
1630021500.0,27.24
1630021800.0,27.24
1630022100.0,27.24
1630022400.0,27.24
1630022700.0,27.24
1630023000.0,27.24
1630023300.0,27.24
1630023600.0,27.24
1630023900.0,27.24
1630024200.0,27.24
1630024500.0,27.24
1630024800.0,27.24
1630025100.0,27.24
1630025400.0,27.23
1630025700.0,27.23
1630026000.0,27.23
1630026300.0,27.23
1630026600.0,27.23
1630026900.0,27.23
1630027200.0,27.24
1630027500.0,27.24
1630027800.0,27.23
1630028100.0,27.23
1630028400.0,27.23
1630028700.0,27.23
1630029000.0,27.23
1630029300.0,27.23
1630029600.0,27.22
1630029900.0,27.22
1630030200.0,27.22
1630030500.0,27.22
1630030800.0,27.22
1630031100.0,27.22
1630031400.0,27.22
1630031700.0,27.22
1630032000.0,27.22
1630032300.0,27.23
1630032600.0,27.23
1630032900.0,27.22
1630033200.0,27.22
1630033500.0,27.22
1630033800.0,27.22
1630034100.0,27.22
1630034400.0,27.22
1630034700.0,27.22
1630035000.0,27.22
1630035300.0,27.22
1630035600.0,27.21
1630035900.0,27.21
1630036200.0,27.21
1630036500.0,27.21
1630036800.0,27.21
1630037100.0,27.21
1630037400.0,27.21
1630037700.0,27.21
1630038000.0,27.21
1630038300.0,27.21
1630038600.0,27.22
1630038900.0,27.21
1630039200.0,27.19
1630039500.0,27.19
1630039800.0,27.19
1630040100.0,27.18
1630040400.0,27.18
1630040700.0,27.18
1630041000.0,27.18
1630041300.0,27.18
1630041600.0,27.18
1630041900.0,27.19
1630042200.0,27.19
1630042500.0,27.17
1630042800.0,27.18
1630043100.0,27.18
1630043400.0,27.19
1630043700.0,27.17
1630044000.0,27.19
1630044300.0,27.16
1630044600.0,27.16
1630044900.0,27.16
1630045200.0,27.19
1630045500.0,27.19
1630045800.0,27.22
1630046100.0,27.21
1630046400.0,27.23
1630046700.0,27.23
1630047000.0,27.24
1630047300.0,27.25
1630047600.0,27.25
1630047900.0,27.25
1630048200.0,27.25
1630048500.0,27.25
1630048800.0,27.27
1630049100.0,27.27
1630049400.0,27.27
1630049700.0,27.24
1630050000.0,27.25
1630050300.0,27.23
1630050600.0,27.22
1630050900.0,27.22
1630051200.0,27.2
1630051500.0,27.22
1630051800.0,27.25
1630052100.0,27.24
1630052400.0,27.22
1630052700.0,27.24
1630053000.0,27.22
1630053300.0,27.22
1630053600.0,27.23
1630053900.0,27.22
1630054200.0,27.22
1630054500.0,27.24
1630054800.0,27.21
1630055100.0,27.22
1630055400.0,27.2
1630055700.0,27.2
1630056000.0,27.2
1630056300.0,27.22
1630056600.0,27.22
1630056900.0,27.22
1630057200.0,27.22
1630057500.0,27.23
1630057800.0,27.24
1630058100.0,27.24
1630058400.0,27.24
1630058700.0,27.25
1630059000.0,27.26
1630059300.0,27.25
1630059600.0,27.26
1630059900.0,27.26
1630060200.0,27.25
1630060500.0,27.26
1630060800.0,27.26
1630061100.0,27.24
1630061400.0,27.24
1630061700.0,27.24
1630062000.0,27.25
1630062300.0,27.25
1630062600.0,27.26
1630062900.0,27.26
1630063200.0,27.27
1630063500.0,27.28
1630063800.0,27.26
1630064100.0,27.29
1630064400.0,27.26
1630064700.0,27.27
1630065000.0,27.27
1630065300.0,27.27
1630065600.0,27.27
1630065900.0,27.27
1630066200.0,27.26
1630066500.0,27.26
1630066800.0,27.27
1630067100.0,27.27
1630067400.0,27.27
1630067700.0,27.27
1630068000.0,27.28
1630068300.0,27.28
1630068600.0,27.27
1630068900.0,27.27
1630069200.0,27.27
1630069500.0,27.29
1630069800.0,27.29
1630070100.0,27.29
1630070400.0,27.29
1630070700.0,27.28
1630071000.0,27.27
1630071300.0,27.27
1630071600.0,27.27
1630071900.0,27.26
1630072200.0,27.27
1630072500.0,27.25
1630072800.0,27.25
1630073100.0,27.25
1630073400.0,27.25
1630073700.0,27.27
1630074000.0,27.28
1630074300.0,27.28
1630074600.0,27.29
1630074900.0,27.29
1630075200.0,27.29
1630075500.0,27.26
1630075800.0,27.23
1630076100.0,27.23
1630076400.0,27.23
1630076700.0,27.23
1630077000.0,27.23
1630077300.0,27.2
1630077600.0,27.21
1630077900.0,27.28
1630078200.0,27.3
1630078500.0,27.35
1630078800.0,27.39
1630079100.0,27.39
1630079400.0,27.38
1630079700.0,27.38
1630080000.0,27.3
1630080300.0,27.25
1630080600.0,27.21
1630080900.0,27.2
1630081200.0,27.23
1630081500.0,27.21
1630081800.0,27.23
1630082100.0,27.22
1630082400.0,27.32
1630082700.0,27.31
1630083000.0,27.32
1630083300.0,27.31
1630083600.0,27.25
1630083900.0,27.24
1630084200.0,27.24
1630084500.0,27.24
1630084800.0,27.25
1630085100.0,27.25
1630085400.0,27.25
1630085700.0,27.24
1630086000.0,27.24
1630086300.0,27.24
1630086600.0,27.26
1630086900.0,27.26
1630087200.0,27.26
1630087500.0,27.24
1630087800.0,27.25
1630088100.0,27.25
1630088400.0,27.24
1630088700.0,27.25
1630089000.0,27.24
1630089300.0,27.24
1630089600.0,27.24
1630089900.0,27.25
1630090200.0,27.25
1630090500.0,27.25
1630090800.0,27.26
1630091100.0,27.26
1630091400.0,27.27
1630091700.0,27.27
1630092000.0,27.27
1630092300.0,27.27
1630092600.0,27.26
1630092900.0,27.26
1630093200.0,27.26
1630093500.0,27.27
1630093800.0,27.25
1630094100.0,27.25
1630094400.0,27.24
1630094700.0,27.25
1630095000.0,27.25
1630095300.0,27.25
1630095600.0,27.25
1630095900.0,27.25
1630096200.0,27.25
1630096500.0,27.24
1630096800.0,27.25
1630097100.0,27.24
1630097400.0,27.19
1630097700.0,27.19
1630098000.0,27.19
1630098300.0,27.21
1630098600.0,27.21
1630098900.0,27.26
1630099200.0,27.29
1630099500.0,27.28
1630099800.0,27.27
1630100100.0,27.29
1630100400.0,27.29
1630100700.0,27.27
1630101000.0,27.27
1630101300.0,27.27
1630101600.0,27.3
1630101900.0,27.3
1630102200.0,27.29
1630102500.0,27.28
1630102800.0,27.28
1630103100.0,27.28
1630103400.0,27.29
1630103700.0,27.29
1630104000.0,27.29
1630104300.0,27.28
1630104600.0,27.29
1630104900.0,27.29
1630105200.0,27.28
1630105500.0,27.28
1630105800.0,27.27
1630106100.0,27.27
1630106400.0,27.27
1630106700.0,27.28
1630107000.0,27.28
1630107300.0,27.27
1630107600.0,27.28
1630107900.0,27.27
1630108200.0,27.27
1630108500.0,27.28
1630108800.0,27.27
1630109100.0,27.25
1630109400.0,27.25
1630109700.0,27.25
1630110000.0,27.26
1630110300.0,27.25
1630110600.0,27.26
1630110900.0,27.26
1630111200.0,27.28
1630111500.0,27.25
1630111800.0,27.25
1630112100.0,27.25
1630112400.0,27.26
1630112700.0,27.25
1630113000.0,27.26
1630113300.0,27.26
1630113600.0,27.26
1630113900.0,27.26
1630114200.0,27.25
1630114200.0,27.25
1630114500.0,27.25
1630114800.0,27.25
1630115100.0,27.25
1630115400.0,27.25
1630115700.0,27.25
1630116000.0,27.26
1630116300.0,27.25
1630116600.0,27.25
1630116900.0,27.25
1630117200.0,27.25
1630117500.0,27.25
1630117800.0,27.26
1630118100.0,27.26
1630118400.0,27.26
1630118700.0,27.25
1630119000.0,27.26
1630119300.0,27.26
1630119600.0,27.26
1630119900.0,27.26
1630120200.0,27.26
1630120500.0,27.26
1630120800.0,27.26
1630121100.0,27.26
1630121400.0,27.25
1630121700.0,27.25
1630122000.0,27.25
1630122300.0,27.25
1630122600.0,27.25
1630122900.0,27.25
1630123200.0,27.25
1630123500.0,27.24
1630123800.0,27.24
1630124100.0,27.24
1630124400.0,27.24
1630124700.0,27.23
1630125000.0,27.23
1630125300.0,27.24
1630125600.0,27.24
1630125900.0,27.24
1630126200.0,27.23
1630126500.0,27.23
1630126800.0,27.23
1630127100.0,27.24
1630127400.0,27.23
1630127700.0,27.23
1630128000.0,27.24
1630128300.0,27.24
1630128600.0,27.23
1630128900.0,27.22
1630129200.0,27.24
1630129500.0,27.22
1630129800.0,27.22
1630130100.0,27.24
1630130400.0,27.24
1630130700.0,27.24
1630131000.0,27.24
1630131300.0,27.23
1630131600.0,27.23
1630131900.0,27.22
1630132200.0,27.24
1630132500.0,27.25
1630132800.0,27.26
1630133100.0,27.26
1630133400.0,27.26
1630133700.0,27.26
1630134000.0,27.26
1630134300.0,27.26
1630134600.0,27.26
1630134900.0,27.26
1630135200.0,27.26
1630135500.0,27.26
1630135800.0,27.26
1630136100.0,27.26
1630136400.0,27.26
1630136700.0,27.26
1630137000.0,27.26
1630137300.0,27.26
1630137600.0,27.26
1630137900.0,27.25
1630138200.0,27.26
1630138500.0,27.25
1630138800.0,27.26
1630139100.0,27.26
1630139400.0,27.26
1630139700.0,27.26
1630140000.0,27.26
1630140300.0,27.25
1630140600.0,27.25
1630140900.0,27.26
1630141200.0,27.25
1630141500.0,27.26
1630141800.0,27.26
1630142100.0,27.26
1630142400.0,27.25
1630142700.0,27.26
1630143000.0,27.26
1630143300.0,27.26
1630143600.0,27.25
1630143900.0,27.26
1630144200.0,27.26
1630144500.0,27.26
1630144800.0,27.26
1630145100.0,27.26
1630145400.0,27.25
1630145700.0,27.26
1630146000.0,27.27
1630146300.0,27.27
1630146600.0,27.27
1630146900.0,27.25
1630147200.0,27.25
1630147500.0,27.25
1630147800.0,27.26
1630148100.0,27.25
1630148400.0,27.25
1630148700.0,27.25
1630149000.0,27.26
1630149300.0,27.27
1630149600.0,27.27
1630149900.0,27.27
1630150200.0,27.26
1630150500.0,27.26
1630150800.0,27.27
1630151100.0,27.27
1630151400.0,27.27
1630151700.0,27.27
1630152000.0,27.27
1630152300.0,27.27
1630152600.0,27.27
1630152900.0,27.27
1630153200.0,27.27
1630153500.0,27.27
1630153800.0,27.27
1630154100.0,27.27
1630154400.0,27.27
1630154700.0,27.27
1630155000.0,27.27
1630155300.0,27.28
1630155600.0,27.28
1630155900.0,27.29
1630156200.0,27.29
1630156500.0,27.29
1630156800.0,27.29
1630157100.0,27.29
1630157400.0,27.28
1630157700.0,27.29
1630158000.0,27.29
1630158300.0,27.28
1630158600.0,27.28
1630158900.0,27.28
1630159200.0,27.27
1630159500.0,27.28
1630159800.0,27.27
1630160100.0,27.28
1630160400.0,27.28
1630160700.0,27.28
1630161000.0,27.28
1630161300.0,27.28
1630161600.0,27.28
1630161900.0,27.28
1630162200.0,27.27
1630162500.0,27.28
1630162800.0,27.28
1630163100.0,27.26
1630163400.0,27.26
1630163700.0,27.27
1630164000.0,27.27
1630164300.0,27.27
1630164600.0,27.28
1630164900.0,27.28
1630165200.0,27.28
1630165500.0,27.28
1630165800.0,27.28
1630166100.0,27.27
1630166400.0,27.25
1630166700.0,27.25
1630167000.0,27.26
1630167300.0,27.26
1630167600.0,27.25
1630167900.0,27.26
1630168200.0,27.26
1630168500.0,27.26
1630168800.0,27.25
1630169100.0,27.25
1630169400.0,27.26
1630169700.0,27.25
1630170000.0,27.26
1630170300.0,27.26
1630170600.0,27.27
1630170900.0,27.28
1630171200.0,27.28
1630171500.0,27.27
1630171800.0,27.26
1630172100.0,27.26
1630172400.0,27.26
1630172700.0,27.26
1630173000.0,27.26
1630173300.0,27.26
1630173600.0,27.26
1630173900.0,27.25
1630174200.0,27.26
1630174500.0,27.25
1630174800.0,27.26
1630175100.0,27.26
1630175400.0,27.26
1630175700.0,27.26
1630176000.0,27.26
1630176300.0,27.26
1630176600.0,27.26
1630176900.0,27.25
1630177200.0,27.25
1630177500.0,27.26
1630177800.0,27.26
1630178100.0,27.26
1630178400.0,27.26
1630178700.0,27.26
1630179000.0,27.26
1630179300.0,27.26
1630179600.0,27.26
1630179900.0,27.26
1630180200.0,27.25
1630180500.0,27.26
1630180800.0,27.26
1630181100.0,27.26
1630181400.0,27.26
1630181700.0,27.26
1630182000.0,27.26
1630182300.0,27.26
1630182600.0,27.26
1630182900.0,27.26
1630183200.0,27.26
1630183500.0,27.26
1630183800.0,27.26
1630184100.0,27.26
1630184400.0,27.25
1630184700.0,27.25
1630185000.0,27.26
1630185300.0,27.26
1630185600.0,27.25
1630185900.0,27.25
1630186200.0,27.25
1630186500.0,27.26
1630186800.0,27.26
1630187100.0,27.26
1630187400.0,27.26
1630187700.0,27.26
1630188000.0,27.26
1630188300.0,27.26
1630188600.0,27.26
1630188900.0,27.26
1630189200.0,27.26
1630189500.0,27.26
1630189800.0,27.26
1630190100.0,27.26
1630190400.0,27.25
1630190700.0,27.24
1630191000.0,27.24
1630191300.0,27.24
1630191600.0,27.24
1630191900.0,27.24
1630192200.0,27.23
1630192500.0,27.24
1630192800.0,27.24
1630193100.0,27.26
1630193400.0,27.26
1630193700.0,27.27
1630194000.0,27.25
1630194300.0,27.28
1630194600.0,27.28
1630194900.0,27.28
1630195200.0,27.26
1630195500.0,27.26
1630195800.0,27.25
1630196100.0,27.25
1630196400.0,27.27
1630196700.0,27.26
1630197000.0,27.26
1630197300.0,27.27
1630197600.0,27.26
1630197900.0,27.26
1630198200.0,27.25
1630198500.0,27.24
1630198800.0,27.2
1630199100.0,27.2
1630199400.0,27.2
1630199700.0,27.2
1630200000.0,27.24
1630200300.0,27.24
1630200600.0,27.25
1630200900.0,27.26
1630201200.0,27.26
1630201500.0,27.27
1630201800.0,27.27
1630202100.0,27.27
1630202400.0,27.27
1630202700.0,27.27
1630203000.0,27.27
1630203300.0,27.27
1630203600.0,27.27
1630203900.0,27.27
1630204200.0,27.27
1630204500.0,27.27
1630204800.0,27.26
1630205100.0,27.28
1630205400.0,27.28
1630205700.0,27.28
1630206000.0,27.26
1630206300.0,27.28
1630206600.0,27.28
1630206900.0,27.28
1630207200.0,27.28
1630207500.0,27.28
1630207800.0,27.28
1630208100.0,27.27
1630208400.0,27.27
1630208700.0,27.27
1630209000.0,27.27
1630209300.0,27.27
1630209600.0,27.27
1630209900.0,27.27
1630210200.0,27.27
1630210500.0,27.27
1630210800.0,27.27
1630211100.0,27.27
1630211400.0,27.27
1630211700.0,27.27
1630212000.0,27.27
1630212300.0,27.26
1630212600.0,27.27
1630212900.0,27.26
1630213200.0,27.26
1630213500.0,27.27
1630213800.0,27.26
1630214100.0,27.27
1630214400.0,27.27
1630214700.0,27.26
1630215000.0,27.26
1630215300.0,27.26
1630215600.0,27.26
1630215900.0,27.25
1630216200.0,27.25
1630216500.0,27.25
1630216800.0,27.24
1630217100.0,27.24
1630217400.0,27.25
1630217700.0,27.25
1630218000.0,27.24
1630218300.0,27.24
1630218600.0,27.23
1630218900.0,27.25
1630219200.0,27.25
1630219500.0,27.24
1630219800.0,27.24
1630220100.0,27.25
1630220400.0,27.25
1630220700.0,27.25
1630221000.0,27.25
1630221300.0,27.25
1630221600.0,27.26
1630221900.0,27.26
1630222200.0,27.25
1630222500.0,27.26
1630222800.0,27.25
1630223100.0,27.26
1630223400.0,27.27
1630223700.0,27.26
1630224000.0,27.26
1630224300.0,27.27
1630224600.0,27.27
1630224900.0,27.26
1630225200.0,27.27
1630225500.0,27.26
1630225800.0,27.27
1630226100.0,27.27
1630226400.0,27.27
1630226700.0,27.27
1630227000.0,27.27
1630227300.0,27.26
1630227600.0,27.25
1630227900.0,27.26
1630228200.0,27.27
1630228500.0,27.27
1630228800.0,27.27
1630229100.0,27.28
1630229400.0,27.29
1630229700.0,27.28
1630230000.0,27.28
1630230300.0,27.28
1630230600.0,27.29
1630230900.0,27.29
1630231200.0,27.27
1630231500.0,27.28
1630231800.0,27.28
1630232100.0,27.28
1630232400.0,27.28
1630232700.0,27.27
1630233000.0,27.27
1630233300.0,27.27
1630233600.0,27.27
1630233900.0,27.27
1630234200.0,27.27
1630234500.0,27.26
1630234800.0,27.27
1630235100.0,27.27
1630235400.0,27.27
1630235700.0,27.26
1630236000.0,27.26
1630236300.0,27.26
1630236600.0,27.28
1630236900.0,27.28
1630237200.0,27.28
1630237500.0,27.28
1630237800.0,27.27
1630238100.0,27.27
1630238400.0,27.27
1630238700.0,27.28
1630239000.0,27.29
1630239300.0,27.29
1630239600.0,27.28
1630239900.0,27.29
1630240200.0,27.28
1630240500.0,27.28
1630240800.0,27.29
1630241100.0,27.29
1630241400.0,27.29
1630241700.0,27.28
1630242000.0,27.29
1630242300.0,27.28
1630242600.0,27.29
1630242900.0,27.29
1630243200.0,27.28
1630243500.0,27.29
1630243800.0,27.29
1630244100.0,27.29
1630244400.0,27.28
1630244700.0,27.29
1630245000.0,27.29
1630245300.0,27.28
1630245600.0,27.28
1630245900.0,27.28
1630246200.0,27.29
1630246500.0,27.28
1630246800.0,27.26
1630247100.0,27.26
1630247400.0,27.24
1630247700.0,27.26
1630248000.0,27.26
1630248300.0,27.26
1630248600.0,27.24
1630248900.0,27.23
1630249200.0,27.25
1630249500.0,27.26
1630249800.0,27.26
1630250100.0,27.25
1630250400.0,27.26
1630250700.0,27.28
1630251000.0,27.29
1630251300.0,27.27
1630251600.0,27.27
1630251900.0,27.29
1630252200.0,27.29
1630252500.0,27.28
1630252800.0,27.29
1630253100.0,27.28
1630253400.0,27.29
1630253700.0,27.28
1630254000.0,27.29
1630254300.0,27.29
1630254600.0,27.29
1630254900.0,27.3
1630255200.0,27.28
1630255500.0,27.29
1630255800.0,27.28
1630256100.0,27.28
1630256400.0,27.29
1630256700.0,27.29
1630257000.0,27.27
1630257300.0,27.27
1630257600.0,27.27
1630257900.0,27.25
1630258200.0,27.27
1630258500.0,27.27
1630258800.0,27.27
1630259100.0,27.26
1630259400.0,27.26
1630259700.0,27.29
1630260000.0,27.29
1630260300.0,27.28
1630260600.0,27.27
1630260900.0,27.28
1630261200.0,27.28
1630261500.0,27.28
1630261800.0,27.28
1630262100.0,27.28
1630262400.0,27.27
1630262700.0,27.28
1630263000.0,27.28
1630263300.0,27.28
1630263600.0,27.28
1630263900.0,27.28
1630263900.0,27.28
1630264200.0,27.28
1630264500.0,27.27
1630264800.0,27.28
1630265100.0,27.28
1630265400.0,27.28
1630265700.0,27.28
1630266000.0,27.28
1630266300.0,27.27
1630266600.0,27.28
1630266900.0,27.29
1630267200.0,27.29
1630267500.0,27.28
1630267800.0,27.27
1630268100.0,27.29
1630268400.0,27.29
1630268700.0,27.27
1630269000.0,27.27
1630269300.0,27.28
1630269600.0,27.28
1630269900.0,27.29
1630270200.0,27.29
1630270500.0,27.28
1630270800.0,27.25
1630271100.0,27.27
1630271400.0,27.3
1630271700.0,27.25
1630272000.0,27.28
1630272300.0,27.27
1630272600.0,27.27
1630272900.0,27.28
1630273200.0,27.28
1630273500.0,27.29
1630273800.0,27.3
1630274100.0,27.3
1630274400.0,27.31
1630274700.0,27.31
1630275000.0,27.31
1630275300.0,27.31
1630275600.0,27.31
1630275900.0,27.3
1630276200.0,27.3
1630276500.0,27.31
1630276800.0,27.29
1630277100.0,27.3
1630277400.0,27.3
1630277700.0,27.29
1630278000.0,27.29
1630278300.0,27.3
1630278600.0,27.29
1630278900.0,27.3
1630279200.0,27.3
1630279500.0,27.3
1630279800.0,27.3
1630280100.0,27.3
1630280400.0,27.3
1630280700.0,27.31
1630281000.0,27.31
1630281300.0,27.3
1630281600.0,27.31
1630281900.0,27.31
1630282200.0,27.31
1630282500.0,27.31
1630282800.0,27.31
1630283100.0,27.31
1630283400.0,27.31
1630283700.0,27.31
1630284000.0,27.31
1630284300.0,27.31
1630284600.0,27.31
1630284900.0,27.31
1630285200.0,27.31
1630285500.0,27.31
1630285800.0,27.31
1630286100.0,27.31
1630286400.0,27.31
1630286700.0,27.3
1630287000.0,27.28
1630287300.0,27.25
1630287600.0,27.25
1630287900.0,27.25
1630288200.0,27.25
1630288500.0,27.24
1630288800.0,27.25
1630289100.0,27.25
1630289400.0,27.25
1630289700.0,27.26
1630290000.0,27.26
1630290300.0,27.26
1630290600.0,27.26
1630290900.0,27.26
1630291200.0,27.26
1630291500.0,27.26
1630291800.0,27.26
1630292100.0,27.26
1630292400.0,27.26
1630292700.0,27.24
1630293000.0,27.24
1630293300.0,27.24
1630293600.0,27.24
1630293900.0,27.24
1630294200.0,27.26
1630294500.0,27.26
1630294800.0,27.24
1630295100.0,27.24
1630295400.0,27.25
1630295700.0,27.25
1630296000.0,27.25
1630296300.0,27.24
1630296600.0,27.24
1630296900.0,27.24
1630297200.0,27.25
1630297500.0,27.25
1630297800.0,27.24
1630298100.0,27.25
1630298400.0,27.23
1630298700.0,27.23
1630299000.0,27.24
1630299300.0,27.24
1630299600.0,27.24
1630299900.0,27.23
1630300200.0,27.22
1630300500.0,27.21
1630300800.0,27.22
1630301100.0,27.22
1630301400.0,27.21
1630301700.0,27.22
1630302000.0,27.2
1630302300.0,27.2
1630302600.0,27.2
1630302900.0,27.19
1630303200.0,27.2
1630303500.0,27.2
1630303800.0,27.2
1630304100.0,27.18
1630304400.0,27.18
1630304700.0,27.18
1630305000.0,27.17
1630305300.0,27.16
1630305600.0,27.16
1630305900.0,27.19
1630306200.0,27.2
1630306500.0,27.2
1630306800.0,27.23
1630307100.0,27.23
1630307400.0,27.23
1630307700.0,27.22
1630308000.0,27.23
1630308300.0,27.23
1630308600.0,27.23
1630308900.0,27.22
1630309200.0,27.23
1630309500.0,27.19
1630309800.0,27.19
1630310100.0,27.18
1630310400.0,27.19
1630310700.0,27.2
1630311000.0,27.21
1630311300.0,27.21
1630311600.0,27.21
1630311900.0,27.21
1630312200.0,27.21
1630312500.0,27.21
1630312800.0,27.21
1630313100.0,27.2
1630313400.0,27.23
1630313700.0,27.23
1630314000.0,27.23
1630314300.0,27.23
1630314600.0,27.25
1630314900.0,27.25
1630315200.0,27.24
1630315500.0,27.25
1630315800.0,27.25
1630316100.0,27.23
1630316400.0,27.22
1630316700.0,27.22
1630317000.0,27.22
1630317300.0,27.23
1630317600.0,27.21
1630317900.0,27.21
1630318200.0,27.21
1630318500.0,27.21
1630318800.0,27.22
1630319100.0,27.21
1630319400.0,27.22
1630319700.0,27.21
1630320000.0,27.22
1630320300.0,27.22
1630320600.0,27.22
1630320900.0,27.21
1630321200.0,27.21
1630321500.0,27.21
1630321800.0,27.19
1630322100.0,27.16
1630322400.0,27.19
1630322700.0,27.22
1630323000.0,27.22
1630323300.0,27.22
1630323600.0,27.23
1630323900.0,27.22
1630324200.0,27.22
1630324500.0,27.22
1630324800.0,27.22
1630325100.0,27.22
1630325400.0,27.23
1630325700.0,27.23
1630326000.0,27.24
1630326300.0,27.24
1630326600.0,27.24
1630326900.0,27.24
1630327200.0,27.24
1630327500.0,27.23
1630327800.0,27.24
1630328100.0,27.24
1630328400.0,27.24
1630328700.0,27.24
1630329000.0,27.24
1630329300.0,27.23
1630329600.0,27.22
1630329900.0,27.22
1630330200.0,27.22
1630330500.0,27.22
1630330800.0,27.22
1630331100.0,27.22
1630331400.0,27.21
1630331700.0,27.22
1630332000.0,27.22
1630332300.0,27.22
1630332600.0,27.22
1630332900.0,27.22
1630333200.0,27.22
1630333500.0,27.22
1630333800.0,27.22
1630334100.0,27.22
1630334400.0,27.22
1630334700.0,27.22
1630335000.0,27.22
1630335300.0,27.21
1630335600.0,27.21
1630335900.0,27.22
1630336200.0,27.22
1630336500.0,27.22
1630336800.0,27.22
1630337100.0,27.21
1630337400.0,27.22
1630337700.0,27.22
1630338000.0,27.21
1630338300.0,27.22
1630338600.0,27.24
1630338900.0,27.25
1630339200.0,27.26
1630339500.0,27.26
1630339800.0,27.25
1630340100.0,27.23
1630340400.0,27.23
1630340700.0,27.23
1630341000.0,27.23
1630341300.0,27.22
1630341600.0,27.18
1630341900.0,27.17
1630342200.0,27.17
1630342500.0,27.17
1630342800.0,27.17
1630343100.0,27.17
1630343400.0,27.17
1630343700.0,27.17
1630344000.0,27.17
1630344300.0,27.17
1630344600.0,27.17
1630344900.0,27.17
1630345200.0,27.17
1630345500.0,27.21
1630345800.0,27.22
1630346100.0,27.22
1630346400.0,27.22
1630346700.0,27.22
1630347000.0,27.23
1630347300.0,27.21
1630347600.0,27.23
1630347900.0,27.23
1630348200.0,27.23
1630348500.0,27.23
1630348800.0,27.23
1630349100.0,27.23
1630349400.0,27.23
1630349700.0,27.23
1630350000.0,27.23
1630350300.0,27.23
1630350600.0,27.23
1630350900.0,27.23
1630351200.0,27.23
1630351500.0,27.22
1630351800.0,27.21
1630352100.0,27.21
1630352400.0,27.21
1630352700.0,27.21
1630353000.0,27.21
1630353300.0,27.21
1630353600.0,27.2
1630353900.0,27.2
1630354200.0,27.2
1630354500.0,27.21
1630354800.0,27.21
1630355100.0,27.21
1630355400.0,27.21
1630355700.0,27.2
1630356000.0,27.23
1630356300.0,27.23
1630356600.0,27.23
1630356900.0,27.23
1630357200.0,27.23
1630357500.0,27.23
1630357800.0,27.23
1630358100.0,27.24
1630358400.0,27.24
1630358700.0,27.24
1630359000.0,27.23
1630359300.0,27.25
1630359600.0,27.23
1630359900.0,27.23
1630360200.0,27.22
1630360500.0,27.25
1630360800.0,27.25
1630361100.0,27.25
1630361400.0,27.23
1630361700.0,27.25
1630362000.0,27.23
1630362300.0,27.25
1630362600.0,27.25
1630362900.0,27.25
1630363200.0,27.23
1630363500.0,27.23
1630363800.0,27.24
1630364100.0,27.23
1630364400.0,27.24
1630364700.0,27.25
1630365000.0,27.25
1630365300.0,27.25
1630365600.0,27.25
1630365900.0,27.25
1630366200.0,27.23
1630366500.0,27.24
1630366800.0,27.24
1630367100.0,27.23
1630367400.0,27.22
1630367700.0,27.22
1630368000.0,27.21
1630368300.0,27.21
1630368600.0,27.21
1630368900.0,27.21
1630369200.0,27.21
1630369500.0,27.21
1630369800.0,27.21
1630370100.0,27.21
1630370400.0,27.21
1630370700.0,27.21
1630371000.0,27.2
1630371300.0,27.2
1630371600.0,27.2
1630371900.0,27.2
1630372200.0,27.21
1630372500.0,27.21
1630372800.0,27.21
1630373100.0,27.21
1630373400.0,27.21
1630373700.0,27.21
1630374000.0,27.21
1630374300.0,27.21
1630374600.0,27.21
1630374900.0,27.21
1630375200.0,27.21
1630375500.0,27.21
1630375800.0,27.21
1630376100.0,27.2
1630376400.0,27.21
1630376700.0,27.21
1630377000.0,27.21
1630377300.0,27.2
1630377600.0,27.21
1630377900.0,27.21
1630378200.0,27.2
1630378500.0,27.2
1630378800.0,27.2
1630379100.0,27.2
1630379400.0,27.21
1630379700.0,27.21
1630380000.0,27.21
1630380300.0,27.21
1630380600.0,27.21
1630380900.0,27.21
1630381200.0,27.2
1630381500.0,27.2
1630381800.0,27.21
1630382100.0,27.2
1630382400.0,27.2
1630382700.0,27.2
1630383000.0,27.21
1630383300.0,27.21
1630383600.0,27.21
1630383900.0,27.2
1630384200.0,27.21
1630384500.0,27.2
1630384800.0,27.2
1630385100.0,27.2
1630385400.0,27.21
1630385700.0,27.21
1630386000.0,27.21
1630386300.0,27.2
1630386600.0,27.21
1630386900.0,27.21
1630387200.0,27.21
1630387500.0,27.19
1630387800.0,27.2
1630388100.0,27.19
1630388400.0,27.19
1630388700.0,27.2
1630389000.0,27.2
1630389300.0,27.22
1630389600.0,27.22
1630389900.0,27.21
1630390200.0,27.22
1630390500.0,27.22
1630390800.0,27.22
1630391100.0,27.22
1630391400.0,27.22
1630391700.0,27.22
1630392000.0,27.18
1630392300.0,27.17
1630392600.0,27.18
1630392900.0,27.2
1630393200.0,27.2
1630393500.0,27.19
1630393800.0,27.2
1630394100.0,27.22
1630394400.0,27.22
1630394700.0,27.23
1630395000.0,27.23
1630395300.0,27.22
1630395600.0,27.23
1630395900.0,27.21
1630396200.0,27.21
1630396500.0,27.17
1630396800.0,27.17
1630397100.0,27.17
1630397400.0,27.18
1630397700.0,27.18
1630398000.0,27.18
1630398300.0,27.19
1630398600.0,27.17
1630398900.0,27.16
1630399200.0,27.19
1630399500.0,27.2
1630399800.0,27.2
1630400100.0,27.2
1630400400.0,27.21
1630400700.0,27.2
1630401000.0,27.21
1630401300.0,27.22
1630401600.0,27.22
1630401900.0,27.21
1630402200.0,27.19
1630402500.0,27.19
1630402800.0,27.2
1630403100.0,27.2
1630403400.0,27.21
1630403700.0,27.22
1630404000.0,27.22
1630404300.0,27.21
1630404600.0,27.21
1630404900.0,27.18
1630405200.0,27.17
1630405500.0,27.15
1630405800.0,27.14
1630406100.0,27.16
1630406400.0,27.15
1630406700.0,27.16
1630407000.0,27.16
1630407300.0,27.19
1630407600.0,27.17
1630407900.0,27.19
1630408200.0,27.19
1630408500.0,27.17
1630408800.0,27.16
1630409100.0,27.15
1630409400.0,27.18
1630409700.0,27.15
1630410000.0,27.19
1630410300.0,27.19
1630410600.0,27.19
1630410900.0,27.19
1630411200.0,27.18
1630411500.0,27.18
1630411800.0,27.18
1630412100.0,27.17
1630412400.0,27.17
1630412700.0,27.2
1630413000.0,27.2
1630413300.0,27.15
1630413600.0,27.18
1630413600.0,27.18
1630413900.0,27.16
1630414200.0,27.16
1630414500.0,27.21
1630414800.0,27.19
1630415100.0,27.16
1630415400.0,27.2
1630415700.0,27.2
1630416000.0,27.18
1630416300.0,27.2
1630416600.0,27.21
1630416900.0,27.21
1630417200.0,27.22
1630417500.0,27.2
1630417800.0,27.22
1630418100.0,27.22
1630418400.0,27.2
1630418700.0,27.23
1630419000.0,27.23
1630419300.0,27.22
1630419600.0,27.22
1630419900.0,27.21
1630420200.0,27.21
1630420500.0,27.22
1630420800.0,27.22
1630421100.0,27.23
1630421400.0,27.23
1630421700.0,27.24
1630422000.0,27.24
1630422300.0,27.24
1630422600.0,27.24
1630422900.0,27.24
1630423200.0,27.24
1630423500.0,27.24
1630423800.0,27.24
1630424100.0,27.23
1630424400.0,27.23
1630424700.0,27.24
1630425000.0,27.24
1630425300.0,27.25
1630425600.0,27.24
1630425900.0,27.25
1630426200.0,27.24
1630426500.0,27.23
1630426800.0,27.24
1630427100.0,27.24
1630427400.0,27.24
1630427700.0,27.24
1630428000.0,27.22
1630428300.0,27.24
1630428600.0,27.22
1630428900.0,27.25
1630429200.0,27.25
1630429500.0,27.25
1630429800.0,27.25
1630430100.0,27.25
1630430400.0,27.25
1630430700.0,27.23
1630431000.0,27.25
1630431300.0,27.25
1630431600.0,27.23
1630431900.0,27.23
1630432200.0,27.23
1630432500.0,27.23
1630432800.0,27.23
1630433100.0,27.22
1630433400.0,27.21
1630433700.0,27.22
1630434000.0,27.21
1630434300.0,27.21
1630434600.0,27.23
1630434900.0,27.23
1630435200.0,27.23
1630435500.0,27.23
1630435800.0,27.23
1630436100.0,27.23
1630436400.0,27.23
1630436700.0,27.22
1630437000.0,27.22
1630437300.0,27.23
1630437600.0,27.23
1630437900.0,27.23
1630438200.0,27.23
1630438500.0,27.25
1630438800.0,27.25
1630439100.0,27.25
1630439400.0,27.24
1630439700.0,27.24
1630440000.0,27.25
1630440300.0,27.24
1630440600.0,27.24
1630440900.0,27.26
1630441200.0,27.25
1630441500.0,27.26
1630441800.0,27.26
1630442100.0,27.27
1630442400.0,27.26
1630442700.0,27.28
1630443000.0,27.29
1630443300.0,27.28
1630443600.0,27.29
1630443900.0,27.27
1630444200.0,27.27
1630444500.0,27.29
1630444800.0,27.28
1630445100.0,27.28
1630445400.0,27.29
1630445700.0,27.28
1630446000.0,27.29
1630446300.0,27.29
1630446600.0,27.28
1630446900.0,27.28
1630447200.0,27.29
1630447500.0,27.29
1630447800.0,27.28
1630448100.0,27.29
1630448400.0,27.28
1630448700.0,27.28
1630449000.0,27.28
1630449300.0,27.28
1630449600.0,27.28
1630449900.0,27.29
1630450200.0,27.29
1630450500.0,27.29
1630450800.0,27.28
1630451100.0,27.29
1630451400.0,27.28
1630451700.0,27.28
1630452000.0,27.28
1630452300.0,27.27
1630452600.0,27.27
1630452900.0,27.27
1630453200.0,27.27
1630453500.0,27.27
1630453800.0,27.27
1630454100.0,27.27
1630454400.0,27.27
1630454700.0,27.27
1630455000.0,27.26
1630455300.0,27.26
1630455600.0,27.26
1630455900.0,27.26
1630456200.0,27.26
1630456500.0,27.26
1630456800.0,27.26
1630457100.0,27.26
1630457400.0,27.27
1630457700.0,27.27
1630458000.0,27.27
1630458300.0,27.26
1630458600.0,27.25
1630458900.0,27.25
1630459200.0,27.25
1630459500.0,27.25
1630459800.0,27.25
1630460100.0,27.25
1630460400.0,27.25
1630460700.0,27.25
1630461000.0,27.24
1630461300.0,27.24
1630461600.0,27.24
1630461900.0,27.24
1630462200.0,27.24
1630462500.0,27.23
1630462800.0,27.23
1630463100.0,27.23
1630463400.0,27.22
1630463700.0,27.23
1630464000.0,27.23
1630464300.0,27.23
1630464600.0,27.23
1630464900.0,27.23
1630465200.0,27.23
1630465500.0,27.23
1630465800.0,27.23
1630466100.0,27.23
1630466400.0,27.23
1630466700.0,27.23
1630467000.0,27.23
1630467300.0,27.23
1630467600.0,27.23
1630467900.0,27.21
1630468200.0,27.21
1630468500.0,27.23
1630468800.0,27.22
1630469100.0,27.23
1630469400.0,27.23
1630469700.0,27.23
1630470000.0,27.23
1630470300.0,27.23
1630470600.0,27.22
1630470900.0,27.22
1630471200.0,27.22
1630471500.0,27.22
1630471800.0,27.23
1630472100.0,27.23
1630472400.0,27.23
1630472700.0,27.22
1630473000.0,27.23
1630473300.0,27.22
1630473600.0,27.23
1630473900.0,27.23
1630474200.0,27.23
1630474500.0,27.22
1630474800.0,27.22
1630475100.0,27.23
1630475400.0,27.23
1630475700.0,27.23
1630476000.0,27.23
1630476300.0,27.22
1630476600.0,27.23
1630476900.0,27.23
1630477200.0,27.23
1630477500.0,27.23
1630477800.0,27.23
1630478100.0,27.22
1630478400.0,27.22
1630478700.0,27.23
1630479000.0,27.25
1630479300.0,27.29
1630479600.0,27.26
1630479900.0,27.29
1630480200.0,27.26
1630480500.0,27.29
1630480800.0,27.3
1630481100.0,27.3
1630481400.0,27.3
1630481700.0,27.3
1630482000.0,27.3
1630482300.0,27.3
1630482600.0,27.31
1630482900.0,27.28
1630483200.0,27.33
1630483500.0,27.33
1630483800.0,27.29
1630484100.0,27.33
1630484400.0,27.32
1630484700.0,27.33
1630485000.0,27.31
1630485300.0,27.31
1630485600.0,27.33
1630485900.0,27.31
1630486200.0,27.31
1630486500.0,27.31
1630486800.0,27.33
1630487100.0,27.26
1630487400.0,27.33
1630487700.0,27.3
1630488000.0,27.3
1630488300.0,27.33
1630488600.0,27.33
1630488900.0,27.31
1630489200.0,27.33
1630489500.0,27.31
1630489800.0,27.33
1630490100.0,27.32
1630490400.0,27.32
1630490700.0,27.32
1630491000.0,27.33
1630491300.0,27.33
1630491600.0,27.32
1630491900.0,27.32
1630492200.0,27.33
1630492500.0,27.32
1630492800.0,27.33
1630493100.0,27.33
1630493400.0,27.35
1630493700.0,27.35
1630494000.0,27.36
1630494300.0,27.36
1630494600.0,27.36
1630494900.0,27.36
1630495200.0,27.36
1630495500.0,27.31
1630495800.0,27.31
1630496100.0,27.31
1630496400.0,27.28
1630496700.0,27.28
1630497000.0,27.27
1630497300.0,27.28
1630497600.0,27.27
1630497900.0,27.3
1630498200.0,27.28
1630498500.0,27.33
1630498800.0,27.33
1630499100.0,27.3
1630499400.0,27.34
1630499700.0,27.33
1630500000.0,27.33
1630500300.0,27.34
1630500600.0,27.34
1630500900.0,27.34
1630501200.0,27.34
1630501500.0,27.35
1630501800.0,27.32
1630502100.0,27.32
1630502400.0,27.32
1630502700.0,27.32
1630503000.0,27.32
1630503300.0,27.32
1630503600.0,27.31
1630503900.0,27.34
1630504200.0,27.36
1630504500.0,27.36
1630504800.0,27.38
1630505100.0,27.38
1630505400.0,27.39
1630505700.0,27.38
1630506000.0,27.36
1630506300.0,27.37
1630506600.0,27.37
1630506900.0,27.35
1630507200.0,27.36
1630507500.0,27.35
1630507800.0,27.36
1630508100.0,27.37
1630508400.0,27.37
1630508700.0,27.37
1630509000.0,27.38
1630509300.0,27.38
1630509600.0,27.38
1630509900.0,27.37
1630510200.0,27.36
1630510500.0,27.36
1630510800.0,27.36
1630511100.0,27.36
1630511400.0,27.37
1630511700.0,27.37
1630512000.0,27.38
1630512300.0,27.38
1630512600.0,27.38
1630512900.0,27.38
1630513200.0,27.39
1630513500.0,27.34
1630513800.0,27.34
1630514100.0,27.34
1630514400.0,27.34
1630514700.0,27.39
1630515000.0,27.39
1630515300.0,27.38
1630515600.0,27.39
1630515900.0,27.4
1630516200.0,27.39
1630516500.0,27.37
1630516800.0,27.38
1630517100.0,27.36
1630517400.0,27.35
1630517700.0,27.34
1630518000.0,27.34
1630518300.0,27.33
1630518600.0,27.35
1630518900.0,27.39
1630519200.0,27.36
1630519500.0,27.39
1630519800.0,27.36
1630520100.0,27.36
1630520400.0,27.37
1630520700.0,27.37
1630521000.0,27.37
1630521300.0,27.37
1630521600.0,27.37
1630521900.0,27.37
1630522200.0,27.37
1630522500.0,27.38
1630522800.0,27.38
1630523100.0,27.37
1630523400.0,27.37
1630523700.0,27.37
1630524000.0,27.37
1630524300.0,27.37
1630524600.0,27.38
1630524900.0,27.38
1630525200.0,27.38
1630525500.0,27.38
1630525800.0,27.38
1630526100.0,27.39
1630526400.0,27.38
1630526700.0,27.38
1630527000.0,27.37
1630527300.0,27.38
1630527600.0,27.38
1630527900.0,27.38
1630528200.0,27.38
1630528500.0,27.38
1630528800.0,27.36
1630529100.0,27.38
1630529400.0,27.38
1630529700.0,27.38
1630530000.0,27.38
1630530300.0,27.38
1630530600.0,27.38
1630530900.0,27.38
1630531200.0,27.38
1630531500.0,27.38
1630531800.0,27.38
1630532100.0,27.38
1630532400.0,27.38
1630532700.0,27.37
1630533000.0,27.38
1630533300.0,27.38
1630533600.0,27.37
1630533900.0,27.38
1630534200.0,27.38
1630534500.0,27.38
1630534800.0,27.38
1630535100.0,27.38
1630535400.0,27.37
1630535700.0,27.36
1630536000.0,27.38
1630536300.0,27.36
1630536600.0,27.36
1630536900.0,27.36
1630537200.0,27.36
1630537500.0,27.36
1630537800.0,27.36
1630538100.0,27.36
1630538400.0,27.36
1630538700.0,27.36
1630539000.0,27.36
1630539300.0,27.36
1630539600.0,27.36
1630539900.0,27.36
1630540200.0,27.36
1630540500.0,27.36
1630540800.0,27.37
1630541100.0,27.38
1630541400.0,27.38
1630541700.0,27.38
1630542000.0,27.38
1630542300.0,27.38
1630542600.0,27.38
1630542900.0,27.38
1630543200.0,27.38
1630543500.0,27.38
1630543800.0,27.38
1630544100.0,27.38
1630544400.0,27.38
1630544700.0,27.36
1630545000.0,27.36
1630545300.0,27.36
1630545600.0,27.36
1630545900.0,27.36
1630546200.0,27.38
1630546500.0,27.38
1630546800.0,27.38
1630547100.0,27.38
1630547400.0,27.38
1630547700.0,27.38
1630548000.0,27.36
1630548300.0,27.36
1630548600.0,27.35
1630548900.0,27.34
1630549200.0,27.34
1630549500.0,27.34
1630549800.0,27.34
1630550100.0,27.34
1630550400.0,27.34
1630550700.0,27.34
1630551000.0,27.34
1630551300.0,27.34
1630551600.0,27.33
1630551900.0,27.33
1630552200.0,27.33
1630552500.0,27.33
1630552800.0,27.33
1630553100.0,27.33
1630553400.0,27.33
1630553700.0,27.32
1630554000.0,27.32
1630554300.0,27.32
1630554600.0,27.32
1630554900.0,27.32
1630555200.0,27.33
1630555500.0,27.33
1630555800.0,27.33
1630556100.0,27.33
1630556400.0,27.33
1630556700.0,27.32
1630557000.0,27.31
1630557300.0,27.32
1630557600.0,27.33
1630557900.0,27.31
1630558200.0,27.33
1630558500.0,27.33
1630558800.0,27.31
1630559100.0,27.31
1630559400.0,27.31
1630559700.0,27.33
1630560000.0,27.31
1630560300.0,27.32
1630560600.0,27.32
1630560900.0,27.32
1630561200.0,27.33
1630561500.0,27.33
1630561800.0,27.31
1630562100.0,27.33
1630562400.0,27.33
1630562700.0,27.33
1630563000.0,27.33
1630563300.0,27.34
1630563300.0,27.34
1630563600.0,27.34
1630563900.0,27.34
1630564200.0,27.33
1630564500.0,27.33
1630564800.0,27.31
1630565100.0,27.33
1630565400.0,27.32
1630565700.0,27.33
1630566000.0,27.33
1630566300.0,27.33
1630566600.0,27.33
1630566900.0,27.32
1630567200.0,27.32
1630567500.0,27.32
1630567800.0,27.33
1630568100.0,27.33
1630568400.0,27.33
1630568700.0,27.33
1630569000.0,27.33
1630569300.0,27.33
1630569600.0,27.28
1630569900.0,27.28
1630570200.0,27.28
1630570500.0,27.3
1630570800.0,27.32
1630571100.0,27.33
1630571400.0,27.32
1630571700.0,27.32
1630572000.0,27.32
1630572300.0,27.31
1630572600.0,27.31
1630572900.0,27.31
1630573200.0,27.31
1630573500.0,27.32
1630573800.0,27.31
1630574100.0,27.32
1630574400.0,27.32
1630574700.0,27.32
1630575000.0,27.32
1630575300.0,27.33
1630575600.0,27.33
1630575900.0,27.33
1630576200.0,27.32
1630576500.0,27.32
1630576800.0,27.31
1630577100.0,27.29
1630577400.0,27.29
1630577700.0,27.29
1630578000.0,27.32
1630578300.0,27.32
1630578600.0,27.32
1630578900.0,27.31
1630579200.0,27.31
1630579500.0,27.32
1630579800.0,27.32
1630580100.0,27.32
1630580400.0,27.32
1630580700.0,27.32
1630581000.0,27.32
1630581300.0,27.32
1630581600.0,27.31
1630581900.0,27.32
1630582200.0,27.31
1630582500.0,27.32
1630582800.0,27.32
1630583100.0,27.32
1630583400.0,27.32
1630583700.0,27.32
1630584000.0,27.34
1630584300.0,27.33
1630584600.0,27.34
1630584900.0,27.33
1630585200.0,27.33
1630585500.0,27.34
1630585800.0,27.34
1630586100.0,27.33
1630586400.0,27.34
1630586700.0,27.34
1630587000.0,27.33
1630587300.0,27.33
1630587600.0,27.34
1630587900.0,27.34
1630588200.0,27.34
1630588500.0,27.33
1630588800.0,27.34
1630589100.0,27.33
1630589400.0,27.31
1630589700.0,27.32
1630590000.0,27.32
1630590300.0,27.32
1630590600.0,27.31
1630590900.0,27.32
1630591200.0,27.32
1630591500.0,27.32
1630591800.0,27.32
1630592100.0,27.32
1630592400.0,27.32
1630592700.0,27.32
1630593000.0,27.32
1630593300.0,27.32
1630593600.0,27.34
1630593900.0,27.34
1630594200.0,27.34
1630594500.0,27.32
1630594800.0,27.34
1630595100.0,27.33
1630595400.0,27.32
1630595700.0,27.33
1630596000.0,27.33
1630596300.0,27.33
1630596600.0,27.33
1630596900.0,27.39
1630597200.0,27.41
1630597500.0,27.38
1630597800.0,27.38
1630598100.0,27.37
1630598400.0,27.38
1630598700.0,27.38
1630599000.0,27.37
1630599300.0,27.37
1630599600.0,27.38
1630599900.0,27.34
1630600200.0,27.34
1630600500.0,27.34
1630600800.0,27.34
1630601100.0,27.34
1630601400.0,27.33
1630601700.0,27.34
1630602000.0,27.34
1630602300.0,27.34
1630602600.0,27.35
1630602900.0,27.35
1630603200.0,27.35
1630603500.0,27.35
1630603800.0,27.35
1630604100.0,27.36
1630604400.0,27.36
1630604700.0,27.36
1630605000.0,27.34
1630605300.0,27.36
1630605600.0,27.35
1630605900.0,27.34
1630606200.0,27.37
1630606500.0,27.38
1630606800.0,27.4
1630607100.0,27.39
1630607400.0,27.4
1630607700.0,27.39
1630608000.0,27.39
1630608300.0,27.4
1630608600.0,27.4
1630608900.0,27.39
1630609200.0,27.39
1630609500.0,27.39
1630609800.0,27.38
1630610100.0,27.38
1630610400.0,27.37
1630610700.0,27.36
1630611000.0,27.36
1630611300.0,27.36
1630611600.0,27.36
1630611900.0,27.34
1630612200.0,27.35
1630612500.0,27.35
1630612800.0,27.35
1630613100.0,27.35
1630613400.0,27.34
1630613700.0,27.35
1630614000.0,27.35
1630614300.0,27.35
1630614600.0,27.34
1630614900.0,27.35
1630615200.0,27.35
1630615500.0,27.37
1630615800.0,27.38
1630616100.0,27.36
1630616400.0,27.37
1630616700.0,27.37
1630617000.0,27.36
1630617300.0,27.37
1630617600.0,27.37
1630617900.0,27.37
1630618200.0,27.37
1630618500.0,27.36
1630618800.0,27.36
1630619100.0,27.36
1630619400.0,27.37
1630619700.0,27.36
1630620000.0,27.36
1630620300.0,27.37
1630620600.0,27.36
1630620900.0,27.34
1630621200.0,27.33
1630621500.0,27.34
1630621800.0,27.34
1630622100.0,27.33
1630622400.0,27.34
1630622700.0,27.34
1630623000.0,27.33
1630623300.0,27.34
1630623600.0,27.34
1630623900.0,27.33
1630624200.0,27.34
1630624500.0,27.34
1630624800.0,27.34
1630625100.0,27.34
1630625400.0,27.34
1630625700.0,27.34
1630626000.0,27.34
1630626300.0,27.34
1630626600.0,27.34
1630626900.0,27.34
1630627200.0,27.32
1630627500.0,27.34
1630627800.0,27.34
1630628100.0,27.34
1630628400.0,27.34
1630628700.0,27.33
1630629000.0,27.34
1630629300.0,27.34
1630629600.0,27.34
1630629900.0,27.34
1630630200.0,27.34
1630630500.0,27.34
1630630800.0,27.34
1630631100.0,27.34
1630631400.0,27.34
1630631700.0,27.34
1630632000.0,27.34
1630632300.0,27.34
1630632600.0,27.34
1630632900.0,27.33
1630633200.0,27.33
1630633500.0,27.33
1630633800.0,27.33
1630634100.0,27.33
1630634400.0,27.33
1630634700.0,27.33
1630635000.0,27.33
1630635300.0,27.34
1630635600.0,27.34
1630635900.0,27.34
1630636200.0,27.34
1630636500.0,27.34
1630636800.0,27.34
1630637100.0,27.33
1630637400.0,27.34
1630637700.0,27.34
1630638000.0,27.34
1630638300.0,27.33
1630638600.0,27.33
1630638900.0,27.32
1630639200.0,27.32
1630639500.0,27.32
1630639800.0,27.31
1630640100.0,27.31
1630640400.0,27.32
1630640700.0,27.3
1630641000.0,27.32
1630641300.0,27.32
1630641600.0,27.3
1630641900.0,27.3
1630642200.0,27.3
1630642500.0,27.3
1630642800.0,27.3
1630643100.0,27.29
1630643400.0,27.3
1630643700.0,27.3
1630644000.0,27.3
1630644300.0,27.29
1630644600.0,27.29
1630644900.0,27.3
1630645200.0,27.28
1630645500.0,27.27
1630645800.0,27.28
1630646100.0,27.28
1630646400.0,27.28
1630646700.0,27.28
1630647000.0,27.27
1630647300.0,27.28
1630647600.0,27.27
1630647900.0,27.26
1630648200.0,27.28
1630648500.0,27.28
1630648800.0,27.27
1630649100.0,27.27
1630649400.0,27.28
1630649700.0,27.28
1630650000.0,27.26
1630650300.0,27.28
1630650600.0,27.28
1630650900.0,27.28
1630651200.0,27.27
1630651500.0,27.28
1630651800.0,27.27
1630652100.0,27.29
1630652400.0,27.3
1630652700.0,27.3
1630653000.0,27.3
1630653300.0,27.3
1630653600.0,27.3
1630653900.0,27.3
1630654200.0,27.3
1630654500.0,27.3
1630654800.0,27.28
1630655100.0,27.3
1630655400.0,27.3
1630655700.0,27.29
1630656000.0,27.31
1630656300.0,27.3
1630656600.0,27.3
1630656900.0,27.31
1630657200.0,27.3
1630657500.0,27.3
1630657800.0,27.29
1630658100.0,27.29
1630658400.0,27.29
1630658700.0,27.29
1630659000.0,27.29
1630659300.0,27.29
1630659600.0,27.28
1630659900.0,27.29
1630660200.0,27.29
1630660500.0,27.29
1630660800.0,27.29
1630661100.0,27.29
1630661400.0,27.28
1630661700.0,27.29
1630662000.0,27.29
1630662300.0,27.27
1630662600.0,27.27
1630662900.0,27.27
1630663200.0,27.27
1630663500.0,27.27
1630663800.0,27.27
1630664100.0,27.25
1630664400.0,27.26
1630664700.0,27.26
1630665000.0,27.26
1630665300.0,27.25
1630665600.0,27.26
1630665900.0,27.26
1630666200.0,27.26
1630666500.0,27.26
1630666800.0,27.26
1630667100.0,27.26
1630667400.0,27.26
1630667700.0,27.26
1630668000.0,27.25
1630668300.0,27.26
1630668600.0,27.26
1630668900.0,27.26
1630669200.0,27.25
1630669500.0,27.26
1630669800.0,27.26
1630670100.0,27.25
1630670400.0,27.26
1630670700.0,27.25
1630671000.0,27.26
1630671300.0,27.26
1630671600.0,27.25
1630671900.0,27.26
1630672200.0,27.26
1630672500.0,27.26
1630672800.0,27.26
1630673100.0,27.26
1630673400.0,27.25
1630673700.0,27.26
1630674000.0,27.26
1630674300.0,27.25
1630674600.0,27.26
1630674900.0,27.26
1630675200.0,27.26
1630675500.0,27.26
1630675800.0,27.26
1630676100.0,27.26
1630676400.0,27.26
1630676700.0,27.26
1630677000.0,27.26
1630677300.0,27.25
1630677600.0,27.26
1630677900.0,27.25
1630678200.0,27.26
1630678500.0,27.25
1630678800.0,27.26
1630679100.0,27.26
1630679400.0,27.26
1630679700.0,27.26
1630680000.0,27.26
1630680300.0,27.26
1630680600.0,27.25
1630680900.0,27.26
1630681200.0,27.26
1630681500.0,27.26
1630681800.0,27.25
1630682100.0,27.26
1630682400.0,27.26
1630682700.0,27.26
1630683000.0,27.26
1630683300.0,27.25
1630683600.0,27.26
1630683900.0,27.26
1630684200.0,27.25
1630684500.0,27.25
1630684800.0,27.26
1630685100.0,27.26
1630685400.0,27.25
1630685700.0,27.26
1630686000.0,27.26
1630686300.0,27.25
1630686600.0,27.26
1630686900.0,27.26
1630687200.0,27.26
1630687500.0,27.25
1630687800.0,27.26
1630688100.0,27.25
1630688400.0,27.25
1630688700.0,27.25
1630689000.0,27.26
1630689300.0,27.25
1630689600.0,27.26
1630689900.0,27.25
1630690200.0,27.26
1630690500.0,27.25
1630690800.0,27.26
1630691100.0,27.26
1630691400.0,27.26
1630691700.0,27.26
1630692000.0,27.26
1630692300.0,27.24
1630692600.0,27.25
1630692900.0,27.26
1630693200.0,27.24
1630693500.0,27.25
1630693800.0,27.26
1630694100.0,27.25
1630694400.0,27.25
1630694700.0,27.26
1630695000.0,27.26
1630695300.0,27.26
1630695600.0,27.26
1630695900.0,27.26
1630696200.0,27.26
1630696500.0,27.26
1630696800.0,27.26
1630697100.0,27.26
1630697400.0,27.26
1630697700.0,27.24
1630698000.0,27.26
1630698300.0,27.24
1630698600.0,27.26
1630698900.0,27.26
1630699200.0,27.26
1630699500.0,27.26
1630699800.0,27.26
1630700100.0,27.26
1630700400.0,27.26
1630700700.0,27.26
1630701000.0,27.26
1630701300.0,27.26
1630701600.0,27.26
1630701900.0,27.27
1630702200.0,27.25
1630702500.0,27.26
1630702800.0,27.27
1630703100.0,27.26
1630703400.0,27.26
1630703700.0,27.26
1630704000.0,27.26
1630704300.0,27.26
1630704600.0,27.27
1630704900.0,27.25
1630705200.0,27.25
1630705500.0,27.26
1630705800.0,27.27
1630706100.0,27.27
1630706400.0,27.27
1630706700.0,27.26
1630707000.0,27.26
1630707300.0,27.26
1630707600.0,27.27
1630707900.0,27.26
1630708200.0,27.26
1630708500.0,27.26
1630708800.0,27.26
1630709100.0,27.27
1630709400.0,27.27
1630709700.0,27.27
1630710000.0,27.27
1630710300.0,27.26
1630710600.0,27.26
1630710900.0,27.26
1630711200.0,27.25
1630711500.0,27.25
1630711800.0,27.25
1630712100.0,27.25
1630712400.0,27.26
1630712700.0,27.26
1630713000.0,27.26
1630713000.0,27.26
1630713300.0,27.26
1630713600.0,27.25
1630713900.0,27.25
1630714200.0,27.26
1630714500.0,27.26
1630714800.0,27.26
1630715100.0,27.26
1630715400.0,27.26
1630715700.0,27.25
1630716000.0,27.25
1630716300.0,27.25
1630716600.0,27.25
1630716900.0,27.25
1630717200.0,27.25
1630717500.0,27.25
1630717800.0,27.25
1630718100.0,27.25
1630718400.0,27.26
1630718700.0,27.26
1630719000.0,27.26
1630719300.0,27.26
1630719600.0,27.26
1630719900.0,27.26
1630720200.0,27.26
1630720500.0,27.26
1630720800.0,27.26
1630721100.0,27.26
1630721400.0,27.26
1630721700.0,27.26
1630722000.0,27.25
1630722300.0,27.25
1630722600.0,27.25
1630722900.0,27.26
1630723200.0,27.26
1630723500.0,27.26
1630723800.0,27.26
1630724100.0,27.25
1630724400.0,27.26
1630724700.0,27.26
1630725000.0,27.26
1630725300.0,27.26
1630725600.0,27.26
1630725900.0,27.26
1630726200.0,27.26
1630726500.0,27.26
1630726800.0,27.26
1630727100.0,27.25
1630727400.0,27.25
1630727700.0,27.25
1630728000.0,27.25
1630728300.0,27.25
1630728600.0,27.25
1630728900.0,27.25
1630729200.0,27.25
1630729500.0,27.25
1630729800.0,27.25
1630730100.0,27.25
1630730400.0,27.25
1630730700.0,27.25
1630731000.0,27.25
1630731300.0,27.24
1630731600.0,27.25
1630731900.0,27.24
1630732200.0,27.25
1630732500.0,27.25
1630732800.0,27.24
1630733100.0,27.24
1630733400.0,27.25
1630733700.0,27.24
1630734000.0,27.24
1630734300.0,27.24
1630734600.0,27.25
1630734900.0,27.24
1630735200.0,27.24
1630735500.0,27.25
1630735800.0,27.24
1630736100.0,27.24
1630736400.0,27.24
1630736700.0,27.23
1630737000.0,27.24
1630737300.0,27.23
1630737600.0,27.23
1630737900.0,27.23
1630738200.0,27.24
1630738500.0,27.24
1630738800.0,27.24
1630739100.0,27.25
1630739400.0,27.25
1630739700.0,27.25
1630740000.0,27.24
1630740300.0,27.25
1630740600.0,27.25
1630740900.0,27.25
1630741200.0,27.25
1630741500.0,27.27
1630741800.0,27.27
1630742100.0,27.27
1630742400.0,27.27
1630742700.0,27.26
1630743000.0,27.27
1630743300.0,27.25
1630743600.0,27.24
1630743900.0,27.24
1630744200.0,27.25
1630744500.0,27.25
1630744800.0,27.23
1630745100.0,27.23
1630745400.0,27.25
1630745700.0,27.25
1630746000.0,27.25
1630746300.0,27.25
1630746600.0,27.25
1630746900.0,27.24
1630747200.0,27.24
1630747500.0,27.23
1630747800.0,27.25
1630748100.0,27.25
1630748400.0,27.24
1630748700.0,27.24
1630749000.0,27.24
1630749300.0,27.25
1630749600.0,27.25
1630749900.0,27.23
1630750200.0,27.24
1630750500.0,27.24
1630750800.0,27.24
1630751100.0,27.24
1630751400.0,27.24
1630751700.0,27.24
1630752000.0,27.25
1630752300.0,27.24
1630752600.0,27.25
1630752900.0,27.25
1630753200.0,27.23
1630753500.0,27.24
1630753800.0,27.24
1630754100.0,27.24
1630754400.0,27.24
1630754700.0,27.24
1630755000.0,27.24
1630755300.0,27.24
1630755600.0,27.25
1630755900.0,27.25
1630756200.0,27.25
1630756500.0,27.25
1630756800.0,27.25
1630757100.0,27.25
1630757400.0,27.24
1630757700.0,27.23
1630758000.0,27.25
1630758300.0,27.24
1630758600.0,27.25
1630758900.0,27.24
1630759200.0,27.23
1630759500.0,27.25
1630759800.0,27.25
1630760100.0,27.25
1630760400.0,27.24
1630760700.0,27.23
1630761000.0,27.24
1630761300.0,27.24
1630761600.0,27.24
1630761900.0,27.24
1630762200.0,27.25
1630762500.0,27.25
1630762800.0,27.25
1630763100.0,27.26
1630763400.0,27.25
1630763700.0,27.26
1630764000.0,27.26
1630764300.0,27.26
1630764600.0,27.25
1630764900.0,27.26
1630765200.0,27.26
1630765500.0,27.25
1630765800.0,27.26
1630766100.0,27.26
1630766400.0,27.27
1630766700.0,27.27
1630767000.0,27.26
1630767300.0,27.26
1630767600.0,27.25
1630767900.0,27.25
1630768200.0,27.25
1630768500.0,27.26
1630768800.0,27.24
1630769100.0,27.25
1630769400.0,27.25
1630769700.0,27.26
1630770000.0,27.26
1630770300.0,27.25
1630770600.0,27.26
1630770900.0,27.26
1630771200.0,27.26
1630771500.0,27.26
1630771800.0,27.26
1630772100.0,27.26
1630772400.0,27.26
1630772700.0,27.25
1630773000.0,27.25
1630773300.0,27.25
1630773600.0,27.25
1630773900.0,27.25
1630774200.0,27.26
1630774500.0,27.26
1630774800.0,27.25
1630775100.0,27.26
1630775400.0,27.26
1630775700.0,27.26
1630776000.0,27.25
1630776300.0,27.25
1630776600.0,27.25
1630776900.0,27.24
1630777200.0,27.26
1630777500.0,27.26
1630777800.0,27.25
1630778100.0,27.25
1630778400.0,27.24
1630778700.0,27.26
1630779000.0,27.26
1630779300.0,27.26
1630779600.0,27.26
1630779900.0,27.24
1630780200.0,27.25
1630780500.0,27.24
1630780800.0,27.24
1630781100.0,27.26
1630781400.0,27.26
1630781700.0,27.24
1630782000.0,27.26
1630782300.0,27.26
1630782600.0,27.24
1630782900.0,27.24
1630783200.0,27.26
1630783500.0,27.26
1630783800.0,27.25
1630784100.0,27.25
1630784400.0,27.26
1630784700.0,27.26
1630785000.0,27.26
1630785300.0,27.26
1630785600.0,27.26
1630785900.0,27.26
1630786200.0,27.26
1630786500.0,27.25
1630786800.0,27.26
1630787100.0,27.26
1630787400.0,27.26
1630787700.0,27.26
1630788000.0,27.24
1630788300.0,27.26
1630788600.0,27.26
1630788900.0,27.26
1630789200.0,27.25
1630789500.0,27.27
1630789800.0,27.27
1630790100.0,27.27
1630790400.0,27.27
1630790700.0,27.27
1630791000.0,27.26
1630791300.0,27.26
1630791600.0,27.26
1630791900.0,27.25
1630792200.0,27.26
1630792500.0,27.26
1630792800.0,27.25
1630793100.0,27.25
1630793400.0,27.24
1630793700.0,27.26
1630794000.0,27.25
1630794300.0,27.26
1630794600.0,27.26
1630794900.0,27.24
1630795200.0,27.24
1630795500.0,27.24
1630795800.0,27.25
1630796100.0,27.24
1630796400.0,27.26
1630796700.0,27.26
1630797000.0,27.26
1630797300.0,27.24
1630797600.0,27.26
1630797900.0,27.24
1630798200.0,27.26
1630798500.0,27.24
1630798800.0,27.24
1630799100.0,27.25
1630799400.0,27.24
1630799700.0,27.25
1630800000.0,27.25
1630800300.0,27.24
1630800600.0,27.25
1630800900.0,27.25
1630801200.0,27.24
1630801500.0,27.24
1630801800.0,27.24
1630802100.0,27.24
1630802400.0,27.24
1630802700.0,27.24
1630803000.0,27.24
1630803300.0,27.24
1630803600.0,27.24
1630803900.0,27.23
1630804200.0,27.23
1630804500.0,27.23
1630804800.0,27.23
1630805100.0,27.23
1630805400.0,27.23
1630805700.0,27.23
1630806000.0,27.23
1630806300.0,27.23
1630806600.0,27.23
1630806900.0,27.23
1630807200.0,27.23
1630807500.0,27.23
1630807800.0,27.25
1630808100.0,27.25
1630808400.0,27.25
1630808700.0,27.25
1630809000.0,27.25
1630809300.0,27.23
1630809600.0,27.23
1630809900.0,27.23
1630810200.0,27.23
1630810500.0,27.23
1630810800.0,27.23
1630811100.0,27.23
1630811400.0,27.23
1630811700.0,27.23
1630812000.0,27.23
1630812300.0,27.25
1630812600.0,27.25
1630812900.0,27.25
1630813200.0,27.23
1630813500.0,27.25
1630813800.0,27.25
1630814100.0,27.24
1630814400.0,27.24
1630814700.0,27.24
1630815000.0,27.24
1630815300.0,27.24
1630815600.0,27.24
1630815900.0,27.24
1630816200.0,27.25
1630816500.0,27.25
1630816800.0,27.23
1630817100.0,27.25
1630817400.0,27.25
1630817700.0,27.25
1630818000.0,27.23
1630818300.0,27.25
1630818600.0,27.23
1630818900.0,27.25
1630819200.0,27.25
1630819500.0,27.25
1630819800.0,27.24
1630820100.0,27.23
1630820400.0,27.25
1630820700.0,27.25
1630821000.0,27.24
1630821300.0,27.26
1630821600.0,27.26
1630821900.0,27.26
1630822200.0,27.26
1630822500.0,27.27
1630822800.0,27.27
1630823100.0,27.27
1630823400.0,27.26
1630823700.0,27.25
1630824000.0,27.26
1630824300.0,27.24
1630824600.0,27.26
1630824900.0,27.24
1630825200.0,27.26
1630825500.0,27.25
1630825800.0,27.25
1630826100.0,27.26
1630826400.0,27.26
1630826700.0,27.26
1630827000.0,27.27
1630827300.0,27.27
1630827600.0,27.27
1630827900.0,27.27
1630828200.0,27.27
1630828500.0,27.25
1630828800.0,27.24
1630829100.0,27.27
1630829400.0,27.25
1630829700.0,27.26
1630830000.0,27.26
1630830300.0,27.25
1630830600.0,27.26
1630830900.0,27.25
1630831200.0,27.24
1630831500.0,27.25
1630831800.0,27.25
1630832100.0,27.24
1630832400.0,27.24
1630832700.0,27.25
1630833000.0,27.26
1630833300.0,27.26
1630833600.0,27.24
1630833900.0,27.23
1630834200.0,27.26
1630834500.0,27.24
1630834800.0,27.26
1630835100.0,27.26
1630835400.0,27.23
1630835700.0,27.26
1630836000.0,27.26
1630836300.0,27.26
1630836600.0,27.26
1630836900.0,27.24
1630837200.0,27.24
1630837500.0,27.26
1630837800.0,27.26
1630838100.0,27.23
1630838400.0,27.23
1630838700.0,27.25
1630839000.0,27.23
1630839300.0,27.23
1630839600.0,27.26
1630839900.0,27.27
1630840200.0,27.25
1630840500.0,27.26
1630840800.0,27.26
1630841100.0,27.25
1630841400.0,27.26
1630841700.0,27.24
1630842000.0,27.24
1630842300.0,27.25
1630842600.0,27.24
1630842900.0,27.24
1630843200.0,27.26
1630843500.0,27.25
1630843800.0,27.26
1630844100.0,27.26
1630844400.0,27.26
1630844700.0,27.26
1630845000.0,27.26
1630845300.0,27.24
1630845600.0,27.24
1630845900.0,27.26
1630846200.0,27.24
1630846500.0,27.26
1630846800.0,27.26
1630847100.0,27.26
1630847400.0,27.26
1630847700.0,27.24
1630848000.0,27.24
1630848300.0,27.24
1630848600.0,27.25
1630848900.0,27.25
1630849200.0,27.26
1630849500.0,27.24
1630849800.0,27.24
1630850100.0,27.24
1630850400.0,27.26
1630850700.0,27.26
1630851000.0,27.25
1630851300.0,27.24
1630851600.0,27.24
1630851900.0,27.25
1630852200.0,27.24
1630852500.0,27.24
1630852800.0,27.24
1630853100.0,27.24
1630853400.0,27.26
1630853700.0,27.24
1630854000.0,27.26
1630854300.0,27.26
1630854600.0,27.25
1630854900.0,27.26
1630855200.0,27.23
1630855500.0,27.26
1630855800.0,27.24
1630856100.0,27.24
1630856400.0,27.26
1630856700.0,27.26
1630857000.0,27.24
1630857300.0,27.26
1630857600.0,27.23
1630857900.0,27.23
1630858200.0,27.26
1630858500.0,27.23
1630858800.0,27.26
1630859100.0,27.23
1630859400.0,27.23
1630859700.0,27.26
1630860000.0,27.23
1630860300.0,27.25
1630860600.0,27.23
1630860900.0,27.23
1630861200.0,27.24
1630861500.0,27.26
1630861800.0,27.25
1630862100.0,27.25
1630862400.0,27.24
1630862700.0,27.24
1630862700.0,27.24
1630863000.0,27.26
1630863300.0,27.24
1630863600.0,27.24
1630863900.0,27.24
1630864200.0,27.26
1630864500.0,27.26
1630864800.0,27.24
1630865100.0,27.25
1630865400.0,27.24
1630865700.0,27.25
1630866000.0,27.25
1630866300.0,27.25
1630866600.0,27.24
1630866900.0,27.25
1630867200.0,27.25
1630867500.0,27.25
1630867800.0,27.24
1630868100.0,27.25
1630868400.0,27.25
1630868700.0,27.25
1630869000.0,27.25
1630869300.0,27.25
1630869600.0,27.25
1630869900.0,27.25
1630870200.0,27.24
1630870500.0,27.24
1630870800.0,27.25
1630871100.0,27.25
1630871400.0,27.25
1630871700.0,27.25
1630872000.0,27.25
1630872300.0,27.25
1630872600.0,27.25
1630872900.0,27.24
1630873200.0,27.24
1630873500.0,27.24
1630873800.0,27.24
1630874100.0,27.24
1630874400.0,27.25
1630874700.0,27.25
1630875000.0,27.25
1630875300.0,27.24
1630875600.0,27.25
1630875900.0,27.24
1630876200.0,27.25
1630876500.0,27.24
1630876800.0,27.25
1630877100.0,27.25
1630877400.0,27.25
1630877700.0,27.25
1630878000.0,27.24
1630878300.0,27.25
1630878600.0,27.25
1630878900.0,27.25
1630879200.0,27.25
1630879500.0,27.25
1630879800.0,27.25
1630880100.0,27.25
1630880400.0,27.25
1630880700.0,27.25
1630881000.0,27.25
1630881300.0,27.25
1630881600.0,27.25
1630881900.0,27.25
1630882200.0,27.25
1630882500.0,27.25
1630882800.0,27.25
1630883100.0,27.24
1630883400.0,27.23
1630883700.0,27.23
1630884000.0,27.23
1630884300.0,27.23
1630884600.0,27.23
1630884900.0,27.24
1630885200.0,27.24
1630885500.0,27.24
1630885800.0,27.24
1630886100.0,27.24
1630886400.0,27.23
1630886700.0,27.23
1630887000.0,27.23
1630887300.0,27.23
1630887600.0,27.24
1630887900.0,27.24
1630888200.0,27.23
1630888500.0,27.24
1630888800.0,27.24
1630889100.0,27.23
1630889400.0,27.24
1630889700.0,27.24
1630890000.0,27.24
1630890300.0,27.23
1630890600.0,27.23
1630890900.0,27.23
1630891200.0,27.23
1630891500.0,27.24
1630891800.0,27.24
1630892100.0,27.24
1630892400.0,27.24
1630892700.0,27.24
1630893000.0,27.24
1630893300.0,27.24
1630893600.0,27.24
1630893900.0,27.24
1630894200.0,27.24
1630894500.0,27.24
1630894800.0,27.24
1630895100.0,27.24
1630895400.0,27.24
1630895700.0,27.24
1630896000.0,27.24
1630896300.0,27.24
1630896600.0,27.24
1630896900.0,27.24
1630897200.0,27.24
1630897500.0,27.24
1630897800.0,27.24
1630898100.0,27.24
1630898400.0,27.24
1630898700.0,27.24
1630899000.0,27.24
1630899300.0,27.24
1630899600.0,27.24
1630899900.0,27.23
1630900200.0,27.24
1630900500.0,27.24
1630900800.0,27.23
1630901100.0,27.24
1630901400.0,27.24
1630901700.0,27.24
1630902000.0,27.24
1630902300.0,27.24
1630902600.0,27.24
1630902900.0,27.23
1630903200.0,27.24
1630903500.0,27.23
1630903800.0,27.22
1630904100.0,27.23
1630904400.0,27.22
1630904700.0,27.22
1630905000.0,27.22
1630905300.0,27.22
1630905600.0,27.22
1630905900.0,27.22
1630906200.0,27.22
1630906500.0,27.22
1630906800.0,27.21
1630907100.0,27.21
1630907400.0,27.21
1630907700.0,27.22
1630908000.0,27.22
1630908300.0,27.22
1630908600.0,27.22
1630908900.0,27.22
1630909200.0,27.21
1630909500.0,27.21
1630909800.0,27.22
1630910100.0,27.22
1630910400.0,27.22
1630910700.0,27.21
1630911000.0,27.22
1630911300.0,27.22
1630911600.0,27.21
1630911900.0,27.22
1630912200.0,27.21
1630912500.0,27.21
1630912800.0,27.22
1630913100.0,27.21
1630913400.0,27.22
1630913700.0,27.22
1630914000.0,27.21
1630914300.0,27.22
1630914600.0,27.22
1630914900.0,27.21
1630915200.0,27.22
1630915500.0,27.2
1630915800.0,27.19
1630916100.0,27.19
1630916400.0,27.19
1630916700.0,27.2
1630917000.0,27.2
1630917300.0,27.2
1630917600.0,27.2
1630917900.0,27.19
1630918200.0,27.19
1630918500.0,27.19
1630918800.0,27.19
1630919100.0,27.19
1630919400.0,27.19
1630919700.0,27.19
1630920000.0,27.19
1630920300.0,27.19
1630920600.0,27.19
1630920900.0,27.2
1630921200.0,27.2
1630921500.0,27.22
1630921800.0,27.22
1630922100.0,27.22
1630922400.0,27.22
1630922700.0,27.22
1630923000.0,27.22
1630923300.0,27.21
1630923600.0,27.22
1630923900.0,27.22
1630924200.0,27.22
1630924500.0,27.22
1630924800.0,27.22
1630925100.0,27.22
1630925400.0,27.22
1630925700.0,27.22
1630926000.0,27.22
1630926300.0,27.22
1630926600.0,27.22
1630926900.0,27.22
1630927200.0,27.22
1630927500.0,27.19
1630927800.0,27.17
1630928100.0,27.13
1630928400.0,27.11
1630928700.0,27.07
1630929000.0,27.07
1630929300.0,27.07
1630929600.0,27.07
1630929900.0,27.06
1630930200.0,27.06
1630930500.0,27.06
1630930800.0,27.06
1630931100.0,27.07
1630931400.0,27.11
1630931700.0,27.15
1630932000.0,27.15
1630932300.0,27.15
1630932600.0,27.15
1630932900.0,27.15
1630933200.0,27.15
1630933500.0,27.11
1630933800.0,27.12
1630934100.0,27.12
1630934400.0,27.12
1630934700.0,27.12
1630935000.0,27.12
1630935300.0,27.11
1630935600.0,27.12
1630935900.0,27.13
1630936200.0,27.13
1630936500.0,27.13
1630936800.0,27.13
1630937100.0,27.13
1630937400.0,27.13
1630937700.0,27.13
1630938000.0,27.13
1630938300.0,27.13
1630938600.0,27.13
1630938900.0,27.13
1630939200.0,27.13
1630939500.0,27.13
1630939800.0,27.13
1630940100.0,27.12
1630940400.0,27.11
1630940700.0,27.12
1630941000.0,27.12
1630941300.0,27.12
1630941600.0,27.12
1630941900.0,27.12
1630942200.0,27.12
1630942500.0,27.11
1630942800.0,27.12
1630943100.0,27.11
1630943400.0,27.12
1630943700.0,27.12
1630944000.0,27.12
1630944300.0,27.1
1630944600.0,27.1
1630944900.0,27.1
1630945200.0,27.1
1630945500.0,27.1
1630945800.0,27.1
1630946100.0,27.09
1630946400.0,27.1
1630946700.0,27.09
1630947000.0,27.1
1630947300.0,27.1
1630947600.0,27.1
1630947900.0,27.1
1630948200.0,27.1
1630948500.0,27.14
1630948800.0,27.14
1630949100.0,27.15
1630949400.0,27.16
1630949700.0,27.16
1630950000.0,27.16
1630950300.0,27.14
1630950600.0,27.15
1630950900.0,27.15
1630951200.0,27.16
1630951500.0,27.16
1630951800.0,27.15
1630952100.0,27.15
1630952400.0,27.15
1630952700.0,27.14
1630953000.0,27.12
1630953300.0,27.12
1630953600.0,27.12
1630953900.0,27.12
1630954200.0,27.12
1630954500.0,27.12
1630954800.0,27.12
1630955100.0,27.11
1630955400.0,27.11
1630955700.0,27.12
1630956000.0,27.12
1630956300.0,27.11
1630956600.0,27.12
1630956900.0,27.15
1630957200.0,27.15
1630957500.0,27.15
1630957800.0,27.16
1630958100.0,27.16
1630958400.0,27.15
1630958700.0,27.15
1630959000.0,27.15
1630959300.0,27.15
1630959600.0,27.16
1630959900.0,27.16
1630960200.0,27.16
1630960500.0,27.16
1630960800.0,27.14
1630961100.0,27.16
1630961400.0,27.16
1630961700.0,27.15
1630962000.0,27.15
1630962300.0,27.15
1630962600.0,27.15
1630962900.0,27.15
1630963200.0,27.15
1630963500.0,27.15
1630963800.0,27.15
1630964100.0,27.15
1630964400.0,27.14
1630964700.0,27.14
1630965000.0,27.14
1630965300.0,27.14
1630965600.0,27.13
1630965900.0,27.13
1630966200.0,27.14
1630966500.0,27.14
1630966800.0,27.14
1630967100.0,27.14
1630967400.0,27.14
1630967700.0,27.14
1630968000.0,27.14
1630968300.0,27.15
1630968600.0,27.15
1630968900.0,27.15
1630969200.0,27.15
1630969500.0,27.15
1630969800.0,27.15
1630970100.0,27.15
1630970400.0,27.15
1630970700.0,27.14
1630971000.0,27.14
1630971300.0,27.14
1630971600.0,27.14
1630971900.0,27.14
1630972200.0,27.14
1630972500.0,27.13
1630972800.0,27.13
1630973100.0,27.13
1630973400.0,27.14
1630973700.0,27.13
1630974000.0,27.14
1630974300.0,27.14
1630974600.0,27.14
1630974900.0,27.14
1630975200.0,27.14
1630975500.0,27.14
1630975800.0,27.14
1630976100.0,27.14
1630976400.0,27.14
1630976700.0,27.14
1630977000.0,27.14
1630977300.0,27.14
1630977600.0,27.14
1630977900.0,27.13
1630978200.0,27.13
1630978500.0,27.13
1630978800.0,27.13
1630979100.0,27.13
1630979400.0,27.13
1630979700.0,27.13
1630980000.0,27.13
1630980300.0,27.13
1630980600.0,27.14
1630980900.0,27.14
1630981200.0,27.14
1630981500.0,27.14
1630981800.0,27.13
1630982100.0,27.14
1630982400.0,27.13
1630982700.0,27.13
1630983000.0,27.14
1630983300.0,27.14
1630983600.0,27.14
1630983900.0,27.14
1630984200.0,27.14
1630984500.0,27.13
1630984800.0,27.13
1630985100.0,27.13
1630985400.0,27.14
1630985700.0,27.14
1630986000.0,27.14
1630986300.0,27.13
1630986600.0,27.14
1630986900.0,27.14
1630987200.0,27.13
1630987500.0,27.15
1630987800.0,27.14
1630988100.0,27.15
1630988400.0,27.15
1630988700.0,27.15
1630989000.0,27.15
1630989300.0,27.13
1630989600.0,27.13
1630989900.0,27.13
1630990200.0,27.12
1630990500.0,27.13
1630990800.0,27.13
1630991100.0,27.13
1630991400.0,27.13
1630991700.0,27.13
1630992000.0,27.13
1630992300.0,27.13
1630992600.0,27.13
1630992900.0,27.12
1630993200.0,27.13
1630993500.0,27.12
1630993800.0,27.13
1630994100.0,27.13
1630994400.0,27.13
1630994700.0,27.13
1630995000.0,27.13
1630995300.0,27.13
1630995600.0,27.13
1630995900.0,27.13
1630996200.0,27.13
1630996500.0,27.13
1630996800.0,27.13
1630997100.0,27.13
1630997400.0,27.13
1630997700.0,27.13
1630998000.0,27.13
1630998300.0,27.13
1630998600.0,27.13
1630998900.0,27.13
1630999200.0,27.13
1630999500.0,27.13
1630999800.0,27.13
1631000100.0,27.13
1631000400.0,27.13
1631000700.0,27.13
1631001000.0,27.12
1631001300.0,27.13
1631001600.0,27.14
1631001900.0,27.14
1631002200.0,27.14
1631002500.0,27.13
1631002800.0,27.13
1631003100.0,27.14
1631003400.0,27.14
1631003700.0,27.14
1631004000.0,27.14
1631004300.0,27.14
1631004600.0,27.14
1631004900.0,27.14
1631005200.0,27.14
1631005500.0,27.14
1631005800.0,27.14
1631006100.0,27.14
1631006400.0,27.14
1631006700.0,27.15
1631007000.0,27.15
1631007300.0,27.15
1631007600.0,27.14
1631007900.0,27.15
1631008200.0,27.15
1631008500.0,27.15
1631008800.0,27.15
1631009100.0,27.15
1631009400.0,27.15
1631009700.0,27.15
1631010000.0,27.14
1631010300.0,27.15
1631010600.0,27.14
1631010900.0,27.14
1631011200.0,27.14
1631011500.0,27.14
1631011800.0,27.14
1631012100.0,27.14
1631012400.0,27.14
1631012400.0,27.14
1631012700.0,27.14
1631013000.0,27.14
1631013300.0,27.14
1631013600.0,27.14
1631013900.0,27.14
1631014200.0,27.12
1631014500.0,27.11
1631014800.0,27.12
1631015100.0,27.1
1631015400.0,27.07
1631015700.0,27.05
1631016000.0,27.04
1631016300.0,27.02
1631016600.0,27.02
1631016900.0,27.02
1631017200.0,27.02
1631017500.0,27.02
1631017800.0,27.02
1631018100.0,27.02
1631018400.0,27.02
1631018700.0,27.02
1631019000.0,27.02
1631019300.0,27.02
1631019600.0,27.03
1631019900.0,27.03
1631020200.0,27.03
1631020500.0,27.03
1631020800.0,27.03
1631021100.0,27.03
1631021400.0,27.03
1631021700.0,27.03
1631022000.0,27.03
1631022300.0,27.03
1631022600.0,27.03
1631022900.0,27.03
1631023200.0,27.03
1631023500.0,27.03
1631023800.0,27.03
1631024100.0,27.03
1631024400.0,27.03
1631024700.0,27.03
1631025000.0,27.02
1631025300.0,27.03
1631025600.0,27.03
1631025900.0,27.03
1631026200.0,27.03
1631026500.0,27.02
1631026800.0,27.05
1631027100.0,27.14
1631027400.0,27.16
1631027700.0,27.2
1631028000.0,27.15
1631028300.0,27.23
1631028600.0,27.3
1631028900.0,27.29
1631029200.0,27.24
1631029500.0,27.23
1631029800.0,27.26
1631030100.0,27.25
1631030400.0,27.26
1631030700.0,27.25
1631031000.0,27.24
1631031300.0,27.22
1631031600.0,27.19
1631031900.0,27.24
1631032200.0,27.23
1631032500.0,27.23
1631032800.0,27.26
1631033100.0,27.17
1631033400.0,27.16
1631033700.0,27.14
1631034000.0,27.11
1631034300.0,27.22
1631034600.0,27.3
1631034900.0,27.28
1631035200.0,27.3
1631035500.0,27.34
1631035800.0,27.37
1631036100.0,27.31
1631036400.0,27.26
1631036700.0,27.34
1631037000.0,27.29
1631037300.0,27.29
1631037600.0,27.28
1631037900.0,27.28
1631038200.0,27.2
1631038500.0,27.22
1631038800.0,27.22
1631039100.0,27.21
1631039400.0,27.21
1631039700.0,27.21
1631040000.0,27.2
1631040300.0,27.16
1631040600.0,27.14
1631040900.0,27.16
1631041200.0,27.2
1631041500.0,27.21
1631041800.0,27.21
1631042100.0,27.21
1631042400.0,27.21
1631042700.0,27.19
1631043000.0,27.14
1631043300.0,27.12
1631043600.0,27.12
1631043900.0,27.15
1631044200.0,27.13
1631044500.0,27.12
1631044800.0,27.12
1631045100.0,27.13
1631045400.0,27.13
1631045700.0,27.13
1631046000.0,27.12
1631046300.0,27.11
1631046600.0,27.12
1631046900.0,27.12
1631047200.0,27.12
1631047500.0,27.13
1631047800.0,27.12
1631048100.0,27.12
1631048400.0,27.1
1631048700.0,27.1
1631049000.0,27.1
1631049300.0,27.12
1631049600.0,27.12
1631049900.0,27.12
1631050200.0,27.12
1631050500.0,27.1
1631050800.0,27.1
1631051100.0,27.1
1631051400.0,27.1
1631051700.0,27.1
1631052000.0,27.1
1631052300.0,27.1
1631052600.0,27.1
1631052900.0,27.1
1631053200.0,27.1
1631053500.0,27.1
1631053800.0,27.1
1631054100.0,27.1
1631054400.0,27.1
1631054700.0,27.12
1631055000.0,27.1
1631055300.0,27.12
1631055600.0,27.13
1631055900.0,27.13
1631056200.0,27.13
1631056500.0,27.13
1631056800.0,27.13
1631057100.0,27.12
1631057400.0,27.14
1631057700.0,27.14
1631058000.0,27.15
1631058300.0,27.15
1631058600.0,27.14
1631058900.0,27.14
1631059200.0,27.14
1631059500.0,27.13
1631059800.0,27.14
1631060100.0,27.14
1631060400.0,27.14
1631060700.0,27.14
1631061000.0,27.13
1631061300.0,27.13
1631061600.0,27.13
1631061900.0,27.13
1631062200.0,27.13
1631062500.0,27.12
1631062800.0,27.13
1631063100.0,27.12
1631063400.0,27.13
1631063700.0,27.13
1631064000.0,27.13
1631064300.0,27.13
1631064600.0,27.12
1631064900.0,27.11
1631065200.0,27.1
1631065500.0,27.09
1631065800.0,27.1
1631066100.0,27.09
1631066400.0,27.1
1631066700.0,27.09
1631067000.0,27.09
1631067300.0,27.08
1631067600.0,27.09
1631067900.0,27.09
1631068200.0,27.09
1631068500.0,27.11
1631068800.0,27.11
1631069100.0,27.11
1631069400.0,27.11
1631069700.0,27.11
1631070000.0,27.11
1631070300.0,27.11
1631070600.0,27.1
1631070900.0,27.11
1631071200.0,27.1
1631071500.0,27.11
1631071800.0,27.11
1631072100.0,27.11
1631072400.0,27.11
1631072700.0,27.11
1631073000.0,27.11
1631073300.0,27.11
1631073600.0,27.11
1631073900.0,27.11
1631074200.0,27.11
1631074500.0,27.12
1631074800.0,27.13
1631075100.0,27.14
1631075400.0,27.15
1631075700.0,27.16
1631076000.0,27.16
1631076300.0,27.15
1631076600.0,27.15
1631076900.0,27.15
1631077200.0,27.14
1631077500.0,27.08
1631077800.0,27.09
1631078100.0,27.09
1631078400.0,27.07
1631078700.0,27.07
1631079000.0,27.07
1631079300.0,27.06
1631079600.0,27.07
1631079900.0,27.05
1631080200.0,27.05
1631080500.0,27.05
1631080800.0,27.05
1631081100.0,27.05
1631081400.0,27.03
1631081700.0,27.03
1631082000.0,27.04
1631082300.0,27.04
1631082600.0,27.04
1631082900.0,27.04
1631083200.0,27.04
1631083500.0,27.04
1631083800.0,27.02
1631084100.0,27.01
1631084400.0,27.02
1631084700.0,27.02
1631085000.0,27.14
1631085300.0,27.14
1631085600.0,27.14
1631085900.0,27.12
1631086200.0,27.12
1631086500.0,27.13
1631086800.0,27.13
1631087100.0,27.13
1631087400.0,27.13
1631087700.0,27.11
1631088000.0,27.13
1631088300.0,27.13
1631088600.0,27.15
1631088900.0,27.16
1631089200.0,27.17
1631089500.0,27.17
1631089800.0,27.16
1631090100.0,27.14
1631090400.0,27.18
1631090700.0,27.19
1631091000.0,27.14
1631091300.0,27.14
1631091600.0,27.12
1631091900.0,27.11
1631092200.0,27.16
1631092500.0,27.14
1631092800.0,27.16
1631093100.0,27.15
1631093400.0,27.15
1631093700.0,27.15
1631094000.0,27.13
1631094300.0,27.14
1631094600.0,27.11
1631094900.0,27.11
1631095200.0,27.17
1631095500.0,27.13
1631095800.0,27.15
1631096100.0,27.19
1631096400.0,27.2
1631096700.0,27.13
1631097000.0,27.11
1631097300.0,27.14
1631097600.0,27.12
1631097900.0,27.13
1631098200.0,27.16
1631098500.0,27.12
1631098800.0,27.12
1631099100.0,27.11
1631099400.0,27.12
1631099700.0,27.12
1631100000.0,27.11
1631100300.0,27.11
1631100600.0,27.1
1631100900.0,27.11
1631101200.0,27.11
1631101500.0,27.17
1631101800.0,27.18
1631102100.0,27.18
1631102400.0,27.2
1631102700.0,27.19
1631103000.0,27.19
1631103300.0,27.17
1631103600.0,27.14
1631103900.0,27.16
1631104200.0,27.15
1631104500.0,27.15
1631104800.0,27.14
1631105100.0,27.16
1631105400.0,27.16
1631105700.0,27.16
1631106000.0,27.15
1631106300.0,27.14
1631106600.0,27.15
1631106900.0,27.16
1631107200.0,27.16
1631107500.0,27.16
1631107800.0,27.16
1631108100.0,27.16
1631108400.0,27.16
1631108700.0,27.16
1631109000.0,27.15
1631109300.0,27.16
1631109600.0,27.16
1631109900.0,27.15
1631110200.0,27.16
1631110500.0,27.16
1631110800.0,27.15
1631111100.0,27.16
1631111400.0,27.16
1631111700.0,27.16
1631112000.0,27.16
1631112300.0,27.15
1631112600.0,27.15
1631112900.0,27.15
1631113200.0,27.15
1631113500.0,27.15
1631113800.0,27.15
1631114100.0,27.15
1631114400.0,27.15
1631114700.0,27.17
1631115000.0,27.17
1631115300.0,27.17
1631115600.0,27.14
1631115900.0,27.14
1631116200.0,27.13
1631116500.0,27.15
1631116800.0,27.15
1631117100.0,27.14
1631117400.0,27.14
1631117700.0,27.14
1631118000.0,27.14
1631118300.0,27.14
1631118600.0,27.14
1631118900.0,27.14
1631119200.0,27.14
1631119500.0,27.14
1631119800.0,27.14
1631120100.0,27.14
1631120400.0,27.13
1631120700.0,27.14
1631121000.0,27.14
1631121300.0,27.14
1631121600.0,27.14
1631121900.0,27.13
1631122200.0,27.14
1631122500.0,27.14
1631122800.0,27.14
1631123100.0,27.14
1631123400.0,27.14
1631123700.0,27.14
1631124000.0,27.13
1631124300.0,27.15
1631124600.0,27.15
1631124900.0,27.15
1631125200.0,27.15
1631125500.0,27.15
1631125800.0,27.14
1631126100.0,27.13
1631126400.0,27.13
1631126700.0,27.13
1631127000.0,27.13
1631127300.0,27.13
1631127600.0,27.13
1631127900.0,27.13
1631128200.0,27.12
1631128500.0,27.13
1631128800.0,27.13
1631129100.0,27.13
1631129400.0,27.13
1631129700.0,27.13
1631130000.0,27.13
1631130300.0,27.13
1631130600.0,27.13
1631130900.0,27.13
1631131200.0,27.13
1631131500.0,27.13
1631131800.0,27.13
1631132100.0,27.13
1631132400.0,27.13
1631132700.0,27.13
1631133000.0,27.13
1631133300.0,27.13
1631133600.0,27.13
1631133900.0,27.13
1631134200.0,27.13
1631134500.0,27.13
1631134800.0,27.13
1631135100.0,27.13
1631135400.0,27.12
1631135700.0,27.13
1631136000.0,27.12
1631136300.0,27.13
1631136600.0,27.13
1631136900.0,27.13
1631137200.0,27.13
1631137500.0,27.13
1631137800.0,27.13
1631138100.0,27.13
1631138400.0,27.13
1631138700.0,27.13
1631139000.0,27.13
1631139300.0,27.13
1631139600.0,27.13
1631139900.0,27.13
1631140200.0,27.12
1631140500.0,27.13
1631140800.0,27.12
1631141100.0,27.13
1631141400.0,27.13
1631141700.0,27.13
1631142000.0,27.13
1631142300.0,27.13
1631142600.0,27.13
1631142900.0,27.13
1631143200.0,27.12
1631143500.0,27.13
1631143800.0,27.13
1631144100.0,27.13
1631144400.0,27.13
1631144700.0,27.13
1631145000.0,27.13
1631145300.0,27.13
1631145600.0,27.13
1631145900.0,27.13
1631146200.0,27.13
1631146500.0,27.13
1631146800.0,27.13
1631147100.0,27.13
1631147400.0,27.12
1631147700.0,27.13
1631148000.0,27.11
1631148300.0,27.11
1631148600.0,27.13
1631148900.0,27.13
1631149200.0,27.13
1631149500.0,27.11
1631149800.0,27.13
1631150100.0,27.13
1631150400.0,27.13
1631150700.0,27.13
1631151000.0,27.13
1631151300.0,27.13
1631151600.0,27.11
1631151900.0,27.11
1631152200.0,27.11
1631152500.0,27.1
1631152800.0,27.1
1631153100.0,27.1
1631153400.0,27.1
1631153700.0,27.1
1631154000.0,27.1
1631154300.0,27.1
1631154600.0,27.1
1631154900.0,27.1
1631155200.0,27.1
1631155500.0,27.1
1631155800.0,27.1
1631156100.0,27.1
1631156400.0,27.1
1631156700.0,27.1
1631157000.0,27.1
1631157300.0,27.1
1631157600.0,27.1
1631157900.0,27.1
1631158200.0,27.1
1631158500.0,27.09
1631158800.0,27.1
1631159100.0,27.1
1631159400.0,27.09
1631159700.0,27.1
1631160000.0,27.1
1631160300.0,27.1
1631160600.0,27.1
1631160900.0,27.09
1631161200.0,27.1
1631161500.0,27.1
1631161800.0,27.1
1631162100.0,27.1
1631162100.0,27.1
1631162400.0,27.1
1631162700.0,27.09
1631163000.0,27.1
1631163300.0,27.1
1631163600.0,27.1
1631163900.0,27.1
1631164200.0,27.1
1631164500.0,27.1
1631164800.0,27.1
1631165100.0,27.1
1631165400.0,27.1
1631165700.0,27.1
1631166000.0,27.1
1631166300.0,27.1
1631166600.0,27.09
1631166900.0,27.09
1631167200.0,27.09
1631167500.0,27.1
1631167800.0,27.11
1631168100.0,27.1
1631168400.0,27.11
1631168700.0,27.13
1631169000.0,27.15
1631169300.0,27.14
1631169600.0,27.14
1631169900.0,27.13
1631170200.0,27.14
1631170500.0,27.14
1631170800.0,27.14
1631171100.0,27.13
1631171400.0,27.12
1631171700.0,27.12
1631172000.0,27.1
1631172300.0,27.1
1631172600.0,27.1
1631172900.0,27.1
1631173200.0,27.09
1631173500.0,27.1
1631173800.0,27.1
1631174100.0,27.1
1631174400.0,27.1
1631174700.0,27.1
1631175000.0,27.09
1631175300.0,27.1
1631175600.0,27.1
1631175900.0,27.1
1631176200.0,27.1
1631176500.0,27.1
1631176800.0,27.1
1631177100.0,27.1
1631177400.0,27.1
1631177700.0,27.09
1631178000.0,27.1
1631178300.0,27.09
1631178600.0,27.09
1631178900.0,27.1
1631179200.0,27.1
1631179500.0,27.1
1631179800.0,27.1
1631180100.0,27.1
1631180400.0,27.1
1631180700.0,27.1
1631181000.0,27.1
1631181300.0,27.09
1631181600.0,27.09
1631181900.0,27.09
1631182200.0,27.1
1631182500.0,27.1
1631182800.0,27.09
1631183100.0,27.1
1631183400.0,27.1
1631183700.0,27.1
1631184000.0,27.1
1631184300.0,27.1
1631184600.0,27.1
1631184900.0,27.1
1631185200.0,27.1
1631185500.0,27.13
1631185800.0,27.2
1631186100.0,27.2
1631186400.0,27.17
1631186700.0,27.16
1631187000.0,27.15
1631187300.0,27.12
1631187600.0,27.13
1631187900.0,27.07
1631188200.0,27.06
1631188500.0,27.1
1631188800.0,27.13
1631189100.0,27.15
1631189400.0,27.14
1631189700.0,27.16
1631190000.0,27.16
1631190300.0,27.16
1631190600.0,27.16
1631190900.0,27.16
1631191200.0,27.12
1631191500.0,27.13
1631191800.0,27.13
1631192100.0,27.13
1631192400.0,27.13
1631192700.0,27.13
1631193000.0,27.13
1631193300.0,27.11
1631193600.0,27.11
1631193900.0,27.1
1631194200.0,27.11
1631194500.0,27.11
1631194800.0,27.11
1631195100.0,27.11
1631195400.0,27.11
1631195700.0,27.11
1631196000.0,27.09
1631196300.0,27.06
1631196600.0,27.06
1631196900.0,27.06
1631197200.0,27.08
1631197500.0,27.08
1631197800.0,27.08
1631198100.0,27.1
1631198400.0,27.11
1631198700.0,27.13
1631199000.0,27.12
1631199300.0,27.11
1631199600.0,27.14
1631199900.0,27.14
1631200200.0,27.12
1631200500.0,27.15
1631200800.0,27.12
1631201100.0,27.1
1631201400.0,27.11
1631201700.0,27.12
1631202000.0,27.1
1631202300.0,27.1
1631202600.0,27.09
1631202900.0,27.1
1631203200.0,27.11
1631203500.0,27.09
1631203800.0,27.09
1631204100.0,27.15
1631204400.0,27.14
1631204700.0,27.15
1631205000.0,27.16
1631205300.0,27.16
1631205600.0,27.13
1631205900.0,27.13
1631206200.0,27.13
1631206500.0,27.12
1631206800.0,27.11
1631207100.0,27.09
1631207400.0,27.1
1631207700.0,27.1
1631208000.0,27.09
1631208300.0,27.1
1631208600.0,27.1
1631208900.0,27.09
1631209200.0,27.1
1631209500.0,27.1
1631209800.0,27.1
1631210100.0,27.1
1631210400.0,27.1
1631210700.0,27.1
1631211000.0,27.11
1631211300.0,27.09
1631211600.0,27.09
1631211900.0,27.09
1631212200.0,27.09
1631212500.0,27.09
1631212800.0,27.08
1631213100.0,27.09
1631213400.0,27.09
1631213700.0,27.09
1631214000.0,27.11
1631214300.0,27.12
1631214600.0,27.11
1631214900.0,27.12
1631215200.0,27.15
1631215500.0,27.16
1631215800.0,27.14
1631216100.0,27.13
1631216400.0,27.17
1631216700.0,27.14
1631217000.0,27.12
1631217300.0,27.14
1631217600.0,27.14
1631217900.0,27.12
1631218200.0,27.12
1631218500.0,27.1
1631218800.0,27.1
1631219100.0,27.1
1631219400.0,27.1
1631219700.0,27.1
1631220000.0,27.1
1631220300.0,27.1
1631220600.0,27.09
1631220900.0,27.1
1631221200.0,27.1
1631221500.0,27.1
1631221800.0,27.08
1631222100.0,27.08
1631222400.0,27.08
1631222700.0,27.08
1631223000.0,27.08
1631223300.0,27.08
1631223600.0,27.07
1631223900.0,27.08
1631224200.0,27.08
1631224500.0,27.08
1631224800.0,27.08
1631225100.0,27.08
1631225400.0,27.08
1631225700.0,27.08
1631226000.0,27.08
1631226300.0,27.08
1631226600.0,27.08
1631226900.0,27.08
1631227200.0,27.08
1631227500.0,27.07
1631227800.0,27.08
1631228100.0,27.08
1631228400.0,27.07
1631228700.0,27.07
1631229000.0,27.07
1631229300.0,27.07
1631229600.0,27.07
1631229900.0,27.08
1631230200.0,27.08
1631230500.0,27.08
1631230800.0,27.08
1631231100.0,27.08
1631231400.0,27.08
1631231700.0,27.06
1631232000.0,27.06
1631232300.0,27.06
1631232600.0,27.06
1631232900.0,27.06
1631233200.0,27.06
1631233500.0,27.06
1631233800.0,27.06
1631234100.0,27.06
1631234400.0,27.06
1631234700.0,27.06
1631235000.0,27.06
1631235300.0,27.06
1631235600.0,27.06
1631235900.0,27.06
1631236200.0,27.06
1631236500.0,27.06
1631236800.0,27.05
1631237100.0,27.06
1631237400.0,27.06
1631237700.0,27.06
1631238000.0,27.06
1631238300.0,27.06
1631238600.0,27.06
1631238900.0,27.06
1631239200.0,27.06
1631239500.0,27.06
1631239800.0,27.06
1631240100.0,27.06
1631240400.0,27.06
1631240700.0,27.06
1631241000.0,27.06
1631241300.0,27.06
1631241600.0,27.06
1631241900.0,27.06
1631242200.0,27.06
1631242500.0,27.06
1631242800.0,27.06
1631243100.0,27.06
1631243400.0,27.06
1631243700.0,27.06
1631244000.0,27.06
1631244300.0,27.06
1631244600.0,27.06
1631244900.0,27.06
1631245200.0,27.06
1631245500.0,27.06
1631245800.0,27.06
1631246100.0,27.06
1631246400.0,27.06
1631246700.0,27.06
1631247000.0,27.06
1631247300.0,27.07
1631247600.0,27.07
1631247900.0,27.06
1631248200.0,27.06
1631248500.0,27.07
1631248800.0,27.07
1631249100.0,27.07
1631249400.0,27.06
1631249700.0,27.07
1631250000.0,27.06
1631250300.0,27.04
1631250600.0,27.06
1631250900.0,27.04
1631251200.0,27.05
1631251500.0,27.05
1631251800.0,27.04
1631252100.0,27.05
1631252400.0,27.05
1631252700.0,27.05
1631253000.0,27.05
1631253300.0,27.05
1631253600.0,27.06
1631253900.0,27.06
1631254200.0,27.06
1631254500.0,27.06
1631254800.0,27.06
1631255100.0,27.06
1631255400.0,27.06
1631255700.0,27.06
1631256000.0,27.06
1631256300.0,27.06
1631256600.0,27.05
1631256900.0,27.06
1631257200.0,27.06
1631257500.0,27.06
1631257800.0,27.06
1631258100.0,27.06
1631258400.0,27.06
1631258700.0,27.1
1631259000.0,27.1
1631259300.0,27.09
1631259600.0,27.08
1631259900.0,27.06
1631260200.0,27.07
1631260500.0,27.07
1631260800.0,27.07
1631261100.0,27.07
1631261400.0,27.08
1631261700.0,27.08
1631262000.0,27.08
1631262300.0,27.07
1631262600.0,27.08
1631262900.0,27.08
1631263200.0,27.08
1631263500.0,27.08
1631263800.0,27.08
1631264100.0,27.07
1631264400.0,27.07
1631264700.0,27.08
1631265000.0,27.08
1631265300.0,27.08
1631265600.0,27.08
1631265900.0,27.08
1631266200.0,27.08
1631266500.0,27.06
1631266800.0,27.07
1631267100.0,27.05
1631267400.0,27.05
1631267700.0,27.05
1631268000.0,27.05
1631268300.0,27.05
1631268600.0,27.05
1631268900.0,27.05
1631269200.0,27.04
1631269500.0,27.05
1631269800.0,27.05
1631270100.0,27.05
1631270400.0,27.05
1631270700.0,27.04
1631271000.0,27.05
1631271300.0,27.05
1631271600.0,27.05
1631271900.0,27.05
1631272200.0,27.05
1631272500.0,27.04
1631272800.0,27.05
1631273100.0,27.05
1631273400.0,27.04
1631273700.0,27.04
1631274000.0,27.03
1631274300.0,27.03
1631274600.0,27.04
1631274900.0,27.04
1631275200.0,27.04
1631275500.0,27.02
1631275800.0,27.03
1631276100.0,27.03
1631276400.0,27.03
1631276700.0,27.03
1631277000.0,27.02
1631277300.0,27.03
1631277600.0,27.03
1631277900.0,27.02
1631278200.0,27.03
1631278500.0,27.03
1631278800.0,27.03
1631279100.0,27.03
1631279400.0,27.03
1631279700.0,27.03
1631280000.0,27.02
1631280300.0,27.03
1631280600.0,27.03
1631280900.0,27.03
1631281200.0,27.03
1631281500.0,27.03
1631281800.0,27.03
1631282100.0,27.03
1631282400.0,27.03
1631282700.0,27.05
1631283000.0,27.05
1631283300.0,27.05
1631283600.0,27.08
1631283900.0,27.11
1631284200.0,27.12
1631284500.0,27.1
1631284800.0,27.13
1631285100.0,27.13
1631285400.0,27.1
1631285700.0,27.11
1631286000.0,27.12
1631286300.0,27.12
1631286600.0,27.12
1631286900.0,27.12
1631287200.0,27.11
1631287500.0,27.11
1631287800.0,27.11
1631288100.0,27.1
1631288400.0,27.12
1631288700.0,27.11
1631289000.0,27.12
1631289300.0,27.11
1631289600.0,27.1
1631289900.0,27.11
1631290200.0,27.11
1631290500.0,27.11
1631290800.0,27.11
1631291100.0,27.1
1631291400.0,27.11
1631291700.0,27.1
1631292000.0,27.09
1631292300.0,27.1
1631292600.0,27.1
1631292900.0,27.1
1631293200.0,27.09
1631293500.0,27.07
1631293800.0,27.08
1631294100.0,27.1
1631294400.0,27.09
1631294700.0,27.08
1631295000.0,27.05
1631295300.0,27.03
1631295600.0,27.03
1631295900.0,27.04
1631296200.0,27.04
1631296500.0,27.04
1631296800.0,27.04
1631297100.0,27.04
1631297400.0,27.04
1631297700.0,27.04
1631298000.0,27.04
1631298300.0,27.04
1631298600.0,27.01
1631298900.0,27.02
1631299200.0,27.02
1631299500.0,27.02
1631299800.0,27.04
1631300100.0,27.03
1631300400.0,27.03
1631300700.0,27.06
1631301000.0,27.04
1631301300.0,27.03
1631301600.0,27.05
1631301900.0,27.05
1631302200.0,27.04
1631302500.0,27.08
1631302800.0,27.08
1631303100.0,27.07
1631303400.0,27.06
1631303700.0,27.06
1631304000.0,27.06
1631304300.0,27.04
1631304600.0,27.05
1631304900.0,27.05
1631305200.0,27.04
1631305500.0,27.06
1631305800.0,27.06
1631306100.0,27.04
1631306400.0,27.06
1631306700.0,27.06
1631307000.0,27.06
1631307300.0,27.05
1631307600.0,27.06
1631307900.0,27.06
1631308200.0,27.06
1631308500.0,27.06
1631308800.0,27.06
1631309100.0,27.05
1631309400.0,27.06
1631309700.0,27.06
1631310000.0,27.06
1631310300.0,27.06
1631310600.0,27.06
1631310900.0,27.06
1631311200.0,27.06
1631311500.0,27.06
1631311800.0,27.06
1631311800.0,27.06
1631312100.0,27.06
1631312400.0,27.06
1631312700.0,27.06
1631313000.0,27.06
1631313300.0,27.05
1631313600.0,27.04
1631313900.0,27.04
1631314200.0,27.06
1631314500.0,27.06
1631314800.0,27.05
1631315100.0,27.06
1631315400.0,27.06
1631315700.0,27.06
1631316000.0,27.05
1631316300.0,27.06
1631316600.0,27.06
1631316900.0,27.06
1631317200.0,27.06
1631317500.0,27.06
1631317800.0,27.06
1631318100.0,27.06
1631318400.0,27.05
1631318700.0,27.06
1631319000.0,27.06
1631319300.0,27.06
1631319600.0,27.05
1631319900.0,27.05
1631320200.0,27.05
1631320500.0,27.06
1631320800.0,27.06
1631321100.0,27.06
1631321400.0,27.06
1631321700.0,27.06
1631322000.0,27.06
1631322300.0,27.06
1631322600.0,27.06
1631322900.0,27.06
1631323200.0,27.06
1631323500.0,27.06
1631323800.0,27.06
1631324100.0,27.06
1631324400.0,27.04
1631324700.0,27.04
1631325000.0,27.04
1631325300.0,27.03
1631325600.0,27.04
1631325900.0,27.04
1631326200.0,27.03
1631326500.0,27.03
1631326800.0,27.03
1631327100.0,27.04
1631327400.0,27.04
1631327700.0,27.04
1631328000.0,27.04
1631328300.0,27.04
1631328600.0,27.04
1631328900.0,27.03
1631329200.0,27.04
1631329500.0,27.04
1631329800.0,27.04
1631330100.0,27.04
1631330400.0,27.03
1631330700.0,27.03
1631331000.0,27.03
1631331300.0,27.03
1631331600.0,27.03
1631331900.0,27.03
1631332200.0,27.04
1631332500.0,27.04
1631332800.0,27.03
1631333100.0,27.04
1631333400.0,27.04
1631333700.0,27.04
1631334000.0,27.04
1631334300.0,27.03
1631334600.0,27.04
1631334900.0,27.03
1631335200.0,27.03
1631335500.0,27.03
1631335800.0,27.04
1631336100.0,27.04
1631336400.0,27.04
1631336700.0,27.04
1631337000.0,27.04
1631337300.0,27.04
1631337600.0,27.03
1631337900.0,27.04
1631338200.0,27.04
1631338500.0,27.04
1631338800.0,27.04
1631339100.0,27.04
1631339400.0,27.04
1631339700.0,27.04
1631340000.0,27.04
1631340300.0,27.04
1631340600.0,27.04
1631340900.0,27.04
1631341200.0,27.04
1631341500.0,27.03
1631341800.0,27.03
1631342100.0,27.04
1631342400.0,27.04
1631342700.0,27.04
1631343000.0,27.04
1631343300.0,27.04
1631343600.0,27.04
1631343900.0,27.04
1631344200.0,27.04
1631344500.0,27.03
1631344800.0,27.04
1631345100.0,27.04
1631345400.0,27.04
1631345700.0,27.03
1631346000.0,27.04
1631346300.0,27.05
1631346600.0,27.04
1631346900.0,27.04
1631347200.0,27.04
1631347500.0,27.05
1631347800.0,27.05
1631348100.0,27.05
1631348400.0,27.05
1631348700.0,27.05
1631349000.0,27.05
1631349300.0,27.05
1631349600.0,27.03
1631349900.0,27.05
1631350200.0,27.05
1631350500.0,27.05
1631350800.0,27.05
1631351100.0,27.05
1631351400.0,27.05
1631351700.0,27.05
1631352000.0,27.05
1631352300.0,27.06
1631352600.0,27.06
1631352900.0,27.06
1631353200.0,27.06
1631353500.0,27.06
1631353800.0,27.05
1631354100.0,27.07
1631354400.0,27.06
1631354700.0,27.07
1631355000.0,27.07
1631355300.0,27.07
1631355600.0,27.07
1631355900.0,27.07
1631356200.0,27.07
1631356500.0,27.04
1631356800.0,27.05
1631357100.0,27.05
1631357400.0,27.05
1631357700.0,27.05
1631358000.0,27.05
1631358300.0,27.05
1631358600.0,27.05
1631358900.0,27.05
1631359200.0,27.05
1631359500.0,27.04
1631359800.0,27.06
1631360100.0,27.06
1631360400.0,27.06
1631360700.0,27.06
1631361000.0,27.06
1631361300.0,27.06
1631361600.0,27.06
1631361900.0,27.05
1631362200.0,27.06
1631362500.0,27.05
1631362800.0,27.06
1631363100.0,27.06
1631363400.0,27.06
1631363700.0,27.05
1631364000.0,27.06
1631364300.0,27.05
1631364600.0,27.06
1631364900.0,27.06
1631365200.0,27.05
1631365500.0,27.06
1631365800.0,27.06
1631366100.0,27.06
1631366400.0,27.06
1631366700.0,27.06
1631367000.0,27.06
1631367300.0,27.06
1631367600.0,27.06
1631367900.0,27.06
1631368200.0,27.06
1631368500.0,27.05
1631368800.0,27.05
1631369100.0,27.05
1631369400.0,27.06
1631369700.0,27.06
1631370000.0,27.06
1631370300.0,27.04
1631370600.0,27.04
1631370900.0,27.06
1631371200.0,27.05
1631371500.0,27.04
1631371800.0,27.02
1631372100.0,27.02
1631372400.0,27.03
1631372700.0,27.05
1631373000.0,27.08
1631373300.0,27.08
1631373600.0,27.08
1631373900.0,27.06
1631374200.0,27.06
1631374500.0,27.08
1631374800.0,27.07
1631375100.0,27.07
1631375400.0,27.08
1631375700.0,27.07
1631376000.0,27.07
1631376300.0,27.07
1631376600.0,27.07
1631376900.0,27.07
1631377200.0,27.07
1631377500.0,27.07
1631377800.0,27.07
1631378100.0,27.07
1631378400.0,27.07
1631378700.0,27.05
1631379000.0,27.05
1631379300.0,27.05
1631379600.0,27.05
1631379900.0,27.04
1631380200.0,27.05
1631380500.0,27.05
1631380800.0,27.05
1631381100.0,27.05
1631381400.0,27.05
1631381700.0,27.05
1631382000.0,27.05
1631382300.0,27.05
1631382600.0,27.05
1631382900.0,27.05
1631383200.0,27.05
1631383500.0,27.05
1631383800.0,27.05
1631384100.0,27.08
1631384400.0,27.06
1631384700.0,27.06
1631385000.0,27.06
1631385300.0,27.06
1631385600.0,27.06
1631385900.0,27.06
1631386200.0,27.06
1631386500.0,27.06
1631386800.0,27.06
1631387100.0,27.06
1631387400.0,27.05
1631387700.0,27.06
1631388000.0,27.06
1631388300.0,27.06
1631388600.0,27.06
1631388900.0,27.05
1631389200.0,27.06
1631389500.0,27.05
1631389800.0,27.06
1631390100.0,27.06
1631390400.0,27.04
1631390700.0,27.03
1631391000.0,27.04
1631391300.0,27.06
1631391600.0,27.08
1631391900.0,27.08
1631392200.0,27.08
1631392500.0,27.06
1631392800.0,27.04
1631393100.0,27.04
1631393400.0,27.04
1631393700.0,27.06
1631394000.0,27.09
1631394300.0,27.09
1631394600.0,27.09
1631394900.0,27.09
1631395200.0,27.09
1631395500.0,27.09
1631395800.0,27.08
1631396100.0,27.08
1631396400.0,27.08
1631396700.0,27.08
1631397000.0,27.07
1631397300.0,27.08
1631397600.0,27.08
1631397900.0,27.07
1631398200.0,27.08
1631398500.0,27.08
1631398800.0,27.07
1631399100.0,27.08
1631399400.0,27.08
1631399700.0,27.07
1631400000.0,27.07
1631400300.0,27.07
1631400600.0,27.07
1631400900.0,27.07
1631401200.0,27.07
1631401500.0,27.07
1631401800.0,27.07
1631402100.0,27.07
1631402400.0,27.07
1631402700.0,27.07
1631403000.0,27.07
1631403300.0,27.07
1631403600.0,27.07
1631403900.0,27.07
1631404200.0,27.07
1631404500.0,27.07
1631404800.0,27.07
1631405100.0,27.07
1631405400.0,27.06
1631405700.0,27.05
1631406000.0,27.04
1631406300.0,27.03
1631406600.0,27.03
1631406900.0,27.04
1631407200.0,27.03
1631407500.0,27.04
1631407800.0,27.04
1631408100.0,27.04
1631408400.0,27.04
1631408700.0,27.04
1631409000.0,27.03
1631409300.0,27.04
1631409600.0,27.04
1631409900.0,27.04
1631410200.0,27.04
1631410500.0,27.04
1631410800.0,27.04
1631411100.0,27.04
1631411400.0,27.04
1631411700.0,27.04
1631412000.0,27.04
1631412300.0,27.04
1631412600.0,27.04
1631412900.0,27.04
1631413200.0,27.04
1631413500.0,27.04
1631413800.0,27.04
1631414100.0,27.04
1631414400.0,27.04
1631414700.0,27.04
1631415000.0,27.04
1631415300.0,27.04
1631415600.0,27.04
1631415900.0,27.04
1631416200.0,27.04
1631416500.0,27.04
1631416800.0,27.04
1631417100.0,27.04
1631417400.0,27.04
1631417700.0,27.04
1631418000.0,27.04
1631418300.0,27.03
1631418600.0,27.03
1631418900.0,27.04
1631419200.0,27.04
1631419500.0,27.03
1631419800.0,27.04
1631420100.0,27.04
1631420400.0,27.04
1631420700.0,27.04
1631421000.0,27.04
1631421300.0,27.04
1631421600.0,27.05
1631421900.0,27.05
1631422200.0,27.06
1631422500.0,27.06
1631422800.0,27.06
1631423100.0,27.06
1631423400.0,27.06
1631423700.0,27.06
1631424000.0,27.06
1631424300.0,27.06
1631424600.0,27.06
1631424900.0,27.05
1631425200.0,27.06
1631425500.0,27.06
1631425800.0,27.06
1631426100.0,27.06
1631426400.0,27.06
1631426700.0,27.06
1631427000.0,27.05
1631427300.0,27.06
1631427600.0,27.05
1631427900.0,27.05
1631428200.0,27.06
1631428500.0,27.05
1631428800.0,27.04
1631429100.0,27.03
1631429400.0,27.04
1631429700.0,27.04
1631430000.0,27.04
1631430300.0,27.04
1631430600.0,27.03
1631430900.0,27.04
1631431200.0,27.04
1631431500.0,27.06
1631431800.0,27.08
1631432100.0,27.06
1631432400.0,27.08
1631432700.0,27.06
1631433000.0,27.06
1631433300.0,27.07
1631433600.0,27.06
1631433900.0,27.07
1631434200.0,27.07
1631434500.0,27.05
1631434800.0,27.05
1631435100.0,27.05
1631435400.0,27.04
1631435700.0,27.05
1631436000.0,27.02
1631436300.0,27.01
1631436600.0,27.02
1631436900.0,27.03
1631437200.0,27.06
1631437500.0,27.04
1631437800.0,27.04
1631438100.0,27.04
1631438400.0,27.06
1631438700.0,27.06
1631439000.0,27.06
1631439300.0,27.07
1631439600.0,27.07
1631439900.0,27.07
1631440200.0,27.06
1631440500.0,27.06
1631440800.0,27.06
1631441100.0,27.07
1631441400.0,27.06
1631441700.0,27.06
1631442000.0,27.06
1631442300.0,27.05
1631442600.0,27.05
1631442900.0,27.07
1631443200.0,27.04
1631443500.0,27.05
1631443800.0,27.04
1631444100.0,27.05
1631444400.0,27.05
1631444700.0,27.04
1631445000.0,27.06
1631445300.0,27.05
1631445600.0,27.05
1631445900.0,27.06
1631446200.0,27.06
1631446500.0,27.06
1631446800.0,27.06
1631447100.0,27.06
1631447400.0,27.06
1631447700.0,27.05
1631448000.0,27.06
1631448300.0,27.05
1631448600.0,27.06
1631448900.0,27.05
1631449200.0,27.04
1631449500.0,27.04
1631449800.0,27.05
1631450100.0,27.03
1631450400.0,27.03
1631450700.0,27.04
1631451000.0,27.03
1631451300.0,27.04
1631451600.0,27.03
1631451900.0,27.03
1631452200.0,27.02
1631452500.0,27.03
1631452800.0,27.06
1631453100.0,27.06
1631453400.0,27.06
1631453700.0,27.06
1631454000.0,27.06
1631454300.0,27.04
1631454600.0,27.05
1631454900.0,27.04
1631455200.0,27.03
1631455500.0,27.06
1631455800.0,27.06
1631456100.0,27.07
1631456400.0,27.07
1631456700.0,27.07
1631457000.0,27.07
1631457300.0,27.06
1631457600.0,27.05
1631457900.0,27.06
1631458200.0,27.07
1631458500.0,27.07
1631458800.0,27.07
1631459100.0,27.07
1631459400.0,27.06
1631459700.0,27.06
1631460000.0,27.06
1631460300.0,27.06
1631460600.0,27.06
1631460900.0,27.06
1631461200.0,27.06
1631461500.0,27.06
1631461500.0,27.06
1631461800.0,27.05
1631462100.0,27.05
1631462400.0,27.06
1631462700.0,27.05
1631463000.0,27.05
1631463300.0,27.05
1631463600.0,27.05
1631463900.0,27.04
1631464200.0,27.05
1631464500.0,27.05
1631464800.0,27.05
1631465100.0,27.05
1631465400.0,27.05
1631465700.0,27.07
1631466000.0,27.08
1631466300.0,27.08
1631466600.0,27.06
1631466900.0,27.07
1631467200.0,27.08
1631467500.0,27.06
1631467800.0,27.07
1631468100.0,27.07
1631468400.0,27.06
1631468700.0,27.06
1631469000.0,27.06
1631469300.0,27.06
1631469600.0,27.06
1631469900.0,27.05
1631470200.0,27.06
1631470500.0,27.05
1631470800.0,27.06
1631471100.0,27.06
1631471400.0,27.06
1631471700.0,27.05
1631472000.0,27.05
1631472300.0,27.05
1631472600.0,27.06
1631472900.0,27.06
1631473200.0,27.06
1631473500.0,27.06
1631473800.0,27.06
1631474100.0,27.06
1631474400.0,27.06
1631474700.0,27.06
1631475000.0,27.05
1631475300.0,27.06
1631475600.0,27.06
1631475900.0,27.06
1631476200.0,27.04
1631476500.0,27.06
1631476800.0,27.05
1631477100.0,27.05
1631477400.0,27.04
1631477700.0,27.05
1631478000.0,27.05
1631478300.0,27.04
1631478600.0,27.05
1631478900.0,27.05
1631479200.0,27.06
1631479500.0,27.07
1631479800.0,27.07
1631480100.0,27.08
1631480400.0,27.08
1631480700.0,27.09
1631481000.0,27.09
1631481300.0,27.07
1631481600.0,27.09
1631481900.0,27.09
1631482200.0,27.09
1631482500.0,27.09
1631482800.0,27.07
1631483100.0,27.09
1631483400.0,27.09
1631483700.0,27.09
1631484000.0,27.07
1631484300.0,27.09
1631484600.0,27.09
1631484900.0,27.07
1631485200.0,27.06
1631485500.0,27.04
1631485800.0,27.04
1631486100.0,27.04
1631486400.0,27.04
1631486700.0,27.04
1631487000.0,27.04
1631487300.0,27.04
1631487600.0,27.04
1631487900.0,27.04
1631488200.0,27.03
1631488500.0,27.04
1631488800.0,27.03
1631489100.0,27.03
1631489400.0,27.03
1631489700.0,27.03
1631490000.0,27.03
1631490300.0,27.03
1631490600.0,27.03
1631490900.0,27.03
1631491200.0,27.03
1631491500.0,27.04
1631491800.0,27.03
1631492100.0,27.04
1631492400.0,27.04
1631492700.0,27.04
1631493000.0,27.04
1631493300.0,27.04
1631493600.0,27.04
1631493900.0,27.04
1631494200.0,27.04
1631494500.0,27.04
1631494800.0,27.04
1631495100.0,27.04
1631495400.0,27.04
1631495700.0,27.04
1631496000.0,27.03
1631496300.0,27.04
1631496600.0,27.04
1631496900.0,27.04
1631497200.0,27.04
1631497500.0,27.03
1631497800.0,27.03
1631498100.0,27.03
1631498400.0,27.04
1631498700.0,27.04
1631499000.0,27.04
1631499300.0,27.04
1631499600.0,27.04
1631499900.0,27.04
1631500200.0,27.04
1631500500.0,27.04
1631500800.0,27.04
1631501100.0,27.04
1631501400.0,27.04
1631501700.0,27.04
1631502000.0,27.04
1631502300.0,27.04
1631502600.0,27.04
1631502900.0,27.04
1631503200.0,27.04
1631503500.0,27.03
1631503800.0,27.04
1631504100.0,27.04
1631504400.0,27.03
1631504700.0,27.04
1631505000.0,27.04
1631505300.0,27.04
1631505600.0,27.04
1631505900.0,27.04
1631506200.0,27.04
1631506500.0,27.04
1631506800.0,27.04
1631507100.0,27.04
1631507400.0,27.04
1631507700.0,27.04
1631508000.0,27.04
1631508300.0,27.03
1631508600.0,27.04
1631508900.0,27.04
1631509200.0,27.04
1631509500.0,27.04
1631509800.0,27.04
1631510100.0,27.04
1631510400.0,27.04
1631510700.0,27.03
1631511000.0,27.04
1631511300.0,27.05
1631511600.0,27.05
1631511900.0,27.05
1631512200.0,27.07
1631512500.0,27.07
1631512800.0,27.08
1631513100.0,27.1
1631513400.0,27.1
1631513700.0,27.1
1631514000.0,27.12
1631514300.0,27.12
1631514600.0,27.11
1631514900.0,27.1
1631515200.0,27.09
1631515500.0,27.1
1631515800.0,27.1
1631516100.0,27.1
1631516400.0,27.1
1631516700.0,27.1
1631517000.0,27.1
1631517300.0,27.1
1631517600.0,27.09
1631517900.0,27.08
1631518200.0,27.1
1631518500.0,27.1
1631518800.0,27.1
1631519100.0,27.1
1631519400.0,27.1
1631519700.0,27.1
1631520000.0,27.1
1631520300.0,27.1
1631520600.0,27.1
1631520900.0,27.09
1631521200.0,27.1
1631521500.0,27.09
1631521800.0,27.1
1631522100.0,27.1
1631522400.0,27.09
1631522700.0,27.1
1631523000.0,27.1
1631523300.0,27.1
1631523600.0,27.1
1631523900.0,27.1
1631524200.0,27.1
1631524500.0,27.1
1631524800.0,27.09
1631525100.0,27.1
1631525400.0,27.09
1631525700.0,27.1
1631526000.0,27.1
1631526300.0,27.09
1631526600.0,27.08
1631526900.0,27.09
1631527200.0,27.09
1631527500.0,27.11
1631527800.0,27.1
1631528100.0,27.1
1631528400.0,27.08
1631528700.0,27.09
1631529000.0,27.08
1631529300.0,27.1
1631529600.0,27.1
1631529900.0,27.1
1631530200.0,27.09
1631530500.0,27.08
1631530800.0,27.08
1631531100.0,27.08
1631531400.0,27.08
1631531700.0,27.09
1631532000.0,27.07
1631532300.0,27.09
1631532600.0,27.07
1631532900.0,27.05
1631533200.0,27.06
1631533500.0,27.05
1631533800.0,27.04
1631534100.0,27.05
1631534400.0,27.05
1631534700.0,27.05
1631535000.0,27.05
1631535300.0,27.05
1631535600.0,27.05
1631535900.0,27.05
1631536200.0,27.04
1631536500.0,27.03
1631536800.0,27.04
1631537100.0,27.03
1631537400.0,27.04
1631537700.0,27.02
1631538000.0,27.02
1631538300.0,27.02
1631538600.0,27.02
1631538900.0,27.02
1631539200.0,27.02
1631539500.0,27.01
1631539800.0,27.02
1631540100.0,27.02
1631540400.0,27.01
1631540700.0,27.0
1631541000.0,27.01
1631541300.0,27.0
1631541600.0,27.01
1631541900.0,27.01
1631542200.0,27.01
1631542500.0,27.02
1631542800.0,27.03
1631543100.0,27.03
1631543400.0,27.03
1631543700.0,27.03
1631544000.0,27.03
1631544300.0,27.03
1631544600.0,27.03
1631544900.0,27.04
1631545200.0,27.04
1631545500.0,27.04
1631545800.0,27.04
1631546100.0,27.04
1631546400.0,27.03
1631546700.0,27.02
1631547000.0,27.02
1631547300.0,27.02
1631547600.0,27.02
1631547900.0,27.02
1631548200.0,27.02
1631548500.0,27.02
1631548800.0,27.02
1631549100.0,27.02
1631549400.0,27.02
1631549700.0,27.02
1631550000.0,27.02
1631550300.0,27.02
1631550600.0,27.02
1631550900.0,27.05
1631551200.0,27.04
1631551500.0,27.03
1631551800.0,27.02
1631552100.0,27.02
1631552400.0,27.02
1631552700.0,27.02
1631553000.0,27.02
1631553300.0,27.02
1631553600.0,27.02
1631553900.0,27.02
1631554200.0,27.02
1631554500.0,27.02
1631554800.0,27.02
1631555100.0,27.02
1631555400.0,27.02
1631555700.0,27.02
1631556000.0,27.02
1631556300.0,27.02
1631556600.0,27.03
1631556900.0,27.03
1631557200.0,27.03
1631557500.0,27.03
1631557800.0,27.03
1631558100.0,27.03
1631558400.0,27.03
1631558700.0,27.03
1631559000.0,27.03
1631559300.0,27.03
1631559600.0,27.03
1631559900.0,27.03
1631560200.0,27.03
1631560500.0,27.02
1631560800.0,27.02
1631561100.0,27.02
1631561400.0,27.02
1631561700.0,27.03
1631562000.0,27.03
1631562300.0,27.02
1631562600.0,27.0
1631562900.0,27.01
1631563200.0,27.01
1631563500.0,27.01
1631563800.0,27.0
1631564100.0,26.99
1631564400.0,26.99
1631564700.0,26.99
1631565000.0,26.97
1631565300.0,26.97
1631565600.0,26.97
1631565900.0,26.97
1631566200.0,26.97
1631566500.0,26.97
1631566800.0,26.97
1631567100.0,26.99
1631567400.0,26.99
1631567700.0,27.0
1631568000.0,26.99
1631568300.0,26.99
1631568600.0,26.99
1631568900.0,26.99
1631569200.0,26.99
1631569500.0,26.99
1631569800.0,26.99
1631570100.0,26.99
1631570400.0,26.98
1631570700.0,26.99
1631571000.0,26.99
1631571300.0,26.99
1631571600.0,26.99
1631571900.0,26.99
1631572200.0,26.99
1631572500.0,26.99
1631572800.0,26.99
1631573100.0,26.99
1631573400.0,26.99
1631573700.0,26.99
1631574000.0,26.99
1631574300.0,26.99
1631574600.0,26.99
1631574900.0,26.98
1631575200.0,26.99
1631575500.0,26.99
1631575800.0,26.99
1631576100.0,26.99
1631576400.0,26.99
1631576700.0,26.99
1631577000.0,26.99
1631577300.0,26.99
1631577600.0,26.99
1631577900.0,26.99
1631578200.0,26.99
1631578500.0,26.99
1631578800.0,26.99
1631579100.0,26.99
1631579400.0,26.99
1631579700.0,26.99
1631580000.0,26.99
1631580300.0,26.99
1631580600.0,26.99
1631580900.0,26.99
1631581200.0,26.99
1631581500.0,26.99
1631581800.0,26.99
1631582100.0,26.99
1631582400.0,26.99
1631582700.0,26.99
1631583000.0,26.99
1631583300.0,26.98
1631583600.0,26.99
1631583900.0,26.98
1631584200.0,26.99
1631584500.0,26.97
1631584800.0,26.95
1631585100.0,26.94
1631585400.0,26.95
1631585700.0,26.95
1631586000.0,26.91
1631586300.0,26.91
1631586600.0,26.91
1631586900.0,26.9
1631587200.0,26.88
1631587500.0,26.88
1631587800.0,26.88
1631588100.0,26.88
1631588400.0,26.88
1631588700.0,26.88
1631589000.0,26.88
1631589300.0,26.88
1631589600.0,26.88
1631589900.0,26.88
1631590200.0,26.88
1631590500.0,26.88
1631590800.0,26.88
1631591100.0,26.88
1631591400.0,26.88
1631591700.0,26.88
1631592000.0,26.88
1631592300.0,26.88
1631592600.0,26.88
1631592900.0,26.88
1631593200.0,26.88
1631593500.0,26.88
1631593800.0,26.93
1631594100.0,26.92
1631594400.0,26.93
1631594700.0,26.95
1631595000.0,26.96
1631595300.0,26.97
1631595600.0,26.97
1631595900.0,26.97
1631596200.0,26.97
1631596500.0,26.96
1631596800.0,26.92
1631597100.0,26.88
1631597400.0,26.88
1631597700.0,26.88
1631598000.0,26.87
1631598300.0,26.88
1631598600.0,26.88
1631598900.0,26.88
1631599200.0,26.91
1631599500.0,26.96
1631599800.0,26.94
1631600100.0,26.9
1631600400.0,26.9
1631600700.0,26.9
1631601000.0,26.9
1631601300.0,26.9
1631601600.0,26.9
1631601900.0,26.87
1631602200.0,26.87
1631602500.0,26.88
1631602800.0,26.89
1631603100.0,26.91
1631603400.0,26.91
1631603700.0,26.91
1631604000.0,26.92
1631604300.0,26.92
1631604600.0,26.92
1631604900.0,26.92
1631605200.0,26.92
1631605500.0,26.92
1631605800.0,26.92
1631606100.0,26.92
1631606400.0,26.92
1631606700.0,26.91
1631607000.0,26.9
1631607300.0,26.91
1631607600.0,26.92
1631607900.0,26.93
1631608200.0,26.92
1631608500.0,26.93
1631608800.0,26.94
1631609100.0,26.94
1631609400.0,26.94
1631609700.0,26.93
1631610000.0,26.94
1631610300.0,26.94
1631610600.0,26.94
1631610900.0,26.93
1631611200.0,26.92
1631611200.0,26.92
1631611500.0,26.93
1631611800.0,26.93
1631612100.0,26.93
1631612400.0,26.93
1631612700.0,26.92
1631613000.0,26.93
1631613300.0,26.93
1631613600.0,26.92
1631613900.0,26.93
1631614200.0,26.93
1631614500.0,26.92
1631614800.0,26.93
1631615100.0,26.95
1631615400.0,26.95
1631615700.0,26.95
1631616000.0,26.95
1631616300.0,26.95
1631616600.0,26.95
1631616900.0,26.95
1631617200.0,26.93
1631617500.0,26.89
1631617800.0,26.92
1631618100.0,26.94
1631618400.0,26.96
1631618700.0,26.98
1631619000.0,26.96
1631619300.0,26.94
1631619600.0,26.95
1631619900.0,26.95
1631620200.0,26.95
1631620500.0,26.96
1631620800.0,26.93
1631621100.0,26.96
1631621400.0,26.97
1631621700.0,26.97
1631622000.0,26.97
1631622300.0,26.97
1631622600.0,26.97
1631622900.0,26.95
1631623200.0,26.92
1631623500.0,26.93
1631623800.0,26.94
1631624100.0,26.94
1631624400.0,26.95
1631624700.0,26.94
1631625000.0,26.95
1631625300.0,26.93
1631625600.0,26.95
1631625900.0,26.95
1631626200.0,26.95
1631626500.0,26.95
1631626800.0,26.95
1631627100.0,26.95
1631627400.0,26.95
1631627700.0,26.97
1631628000.0,26.97
1631628300.0,26.97
1631628600.0,26.97
1631628900.0,26.97
1631629200.0,26.97
1631629500.0,26.97
1631629800.0,26.96
1631630100.0,26.97
1631630400.0,26.94
1631630700.0,26.94
1631631000.0,26.94
1631631300.0,26.94
1631631600.0,26.94
1631631900.0,26.94
1631632200.0,26.94
1631632500.0,26.94
1631632800.0,26.93
1631633100.0,26.95
1631633400.0,26.95
1631633700.0,26.95
1631634000.0,26.96
1631634300.0,26.98
1631634600.0,26.97
1631634900.0,26.98
1631635200.0,26.96
1631635500.0,26.96
1631635800.0,26.96
1631636100.0,26.96
1631636400.0,26.96
1631636700.0,26.96
1631637000.0,26.96
1631637300.0,26.96
1631637600.0,26.96
1631637900.0,26.96
1631638200.0,26.96
1631638500.0,26.96
1631638800.0,26.94
1631639100.0,26.93
1631639400.0,26.94
1631639700.0,26.93
1631640000.0,26.94
1631640300.0,26.96
1631640600.0,26.96
1631640900.0,26.96
1631641200.0,26.97
1631641500.0,26.95
1631641800.0,26.95
1631642100.0,26.95
1631642400.0,26.95
1631642700.0,26.95
1631643000.0,26.96
1631643300.0,26.96
1631643600.0,26.96
1631643900.0,26.96
1631644200.0,26.97
1631644500.0,26.97
1631644800.0,26.97
1631645100.0,26.94
1631645400.0,26.94
1631645700.0,26.94
1631646000.0,26.94
1631646300.0,26.94
1631646600.0,26.95
1631646900.0,26.95
1631647200.0,26.94
1631647500.0,26.94
1631647800.0,26.94
1631648100.0,26.94
1631648400.0,26.94
1631648700.0,26.94
1631649000.0,26.94
1631649300.0,26.94
1631649600.0,26.94
1631649900.0,26.94
1631650200.0,26.92
1631650500.0,26.91
1631650800.0,26.91
1631651100.0,26.91
1631651400.0,26.93
1631651700.0,26.91
1631652000.0,26.9
1631652300.0,26.92
1631652600.0,26.94
1631652900.0,26.94
1631653200.0,26.94
1631653500.0,26.94
1631653800.0,26.96
1631654100.0,26.96
1631654400.0,26.94
1631654700.0,26.96
1631655000.0,26.96
1631655300.0,26.96
1631655600.0,26.96
1631655900.0,26.96
1631656200.0,26.96
1631656500.0,26.96
1631656800.0,26.96
1631657100.0,26.96
1631657400.0,26.96
1631657700.0,26.96
1631658000.0,26.96
1631658300.0,26.96
1631658600.0,26.96
1631658900.0,26.96
1631659200.0,26.96
1631659500.0,26.96
1631659800.0,26.96
1631660100.0,26.96
1631660400.0,26.96
1631660700.0,26.92
1631661000.0,26.92
1631661300.0,26.92
1631661600.0,26.92
1631661900.0,26.92
1631662200.0,26.92
1631662500.0,26.93
1631662800.0,26.93
1631663100.0,26.93
1631663400.0,26.93
1631663700.0,26.93
1631664000.0,26.93
1631664300.0,26.93
1631664600.0,26.93
1631664900.0,26.93
1631665200.0,26.93
1631665500.0,26.93
1631665800.0,26.93
1631666100.0,26.93
1631666400.0,26.93
1631666700.0,26.93
1631667000.0,26.93
1631667300.0,26.93
1631667600.0,26.93
1631667900.0,26.93
1631668200.0,26.93
1631668500.0,26.93
1631668800.0,26.93
1631669100.0,26.93
1631669400.0,26.93
1631669700.0,26.93
1631670000.0,26.93
1631670300.0,26.93
1631670600.0,26.92
1631670900.0,26.93
1631671200.0,26.93
1631671500.0,26.93
1631671800.0,26.93
1631672100.0,26.93
1631672400.0,26.93
1631672700.0,26.93
1631673000.0,26.93
1631673300.0,26.93
1631673600.0,26.93
1631673900.0,26.93
1631674200.0,26.93
1631674500.0,26.93
1631674800.0,26.93
1631675100.0,26.93
1631675400.0,26.93
1631675700.0,26.93
1631676000.0,26.93
1631676300.0,26.93
1631676600.0,26.93
1631676900.0,26.92
1631677200.0,26.93
1631677500.0,26.93
1631677800.0,26.93
1631678100.0,26.92
1631678400.0,26.93
1631678700.0,26.93
1631679000.0,26.92
1631679300.0,26.93
1631679600.0,26.93
1631679900.0,26.93
1631680200.0,26.94
1631680500.0,26.94
1631680800.0,26.94
1631681100.0,26.94
1631681400.0,26.94
1631681700.0,26.94
1631682000.0,26.93
1631682300.0,26.94
1631682600.0,26.93
1631682900.0,26.93
1631683200.0,26.92
1631683500.0,26.92
1631683800.0,26.93
1631684100.0,26.93
1631684400.0,26.93
1631684700.0,26.93
1631685000.0,26.92
1631685300.0,26.92
1631685600.0,26.95
1631685900.0,26.96
1631686200.0,26.96
1631686500.0,26.97
1631686800.0,26.97
1631687100.0,26.96
1631687400.0,26.95
1631687700.0,26.95
1631688000.0,26.95
1631688300.0,26.96
1631688600.0,26.96
1631688900.0,26.96
1631689200.0,26.96
1631689500.0,26.94
1631689800.0,26.95
1631690100.0,26.95
1631690400.0,26.95
1631690700.0,26.95
1631691000.0,26.95
1631691300.0,26.95
1631691600.0,26.95
1631691900.0,26.95
1631692200.0,26.94
1631692500.0,26.97
1631692800.0,26.97
1631693100.0,26.97
1631693400.0,26.97
1631693700.0,26.97
1631694000.0,26.97
1631694300.0,26.97
1631694600.0,26.97
1631694900.0,26.97
1631695200.0,26.95
1631695500.0,26.93
1631695800.0,26.94
1631696100.0,26.95
1631696400.0,26.95
1631696700.0,26.93
1631697000.0,26.96
1631697300.0,26.96
1631697600.0,26.96
1631697900.0,26.94
1631698200.0,26.94
1631698500.0,26.94
1631698800.0,26.94
1631699100.0,26.94
1631699400.0,26.93
1631699700.0,26.95
1631700000.0,26.95
1631700300.0,26.95
1631700600.0,26.95
1631700900.0,26.95
1631701200.0,26.95
1631701500.0,26.95
1631701800.0,26.96
1631702100.0,26.93
1631702400.0,26.95
1631702700.0,26.95
1631703000.0,26.96
1631703300.0,26.98
1631703600.0,26.96
1631703900.0,26.96
1631704200.0,26.96
1631704500.0,26.96
1631704800.0,26.96
1631705100.0,26.95
1631705400.0,26.96
1631705700.0,26.95
1631706000.0,26.95
1631706300.0,26.95
1631706600.0,26.94
1631706900.0,26.95
1631707200.0,26.95
1631707500.0,26.95
1631707800.0,26.95
1631708100.0,26.96
1631708400.0,26.96
1631708700.0,26.96
1631709000.0,26.96
1631709300.0,26.96
1631709600.0,26.95
1631709900.0,26.96
1631710200.0,26.96
1631710500.0,26.96
1631710800.0,26.96
1631711100.0,26.96
1631711400.0,26.96
1631711700.0,26.96
1631712000.0,26.96
1631712300.0,26.96
1631712600.0,26.96
1631712900.0,26.96
1631713200.0,26.96
1631713500.0,26.96
1631713800.0,26.93
1631714100.0,26.91
1631714400.0,26.91
1631714700.0,26.93
1631715000.0,26.94
1631715300.0,26.96
1631715600.0,26.95
1631715900.0,26.96
1631716200.0,26.96
1631716500.0,26.97
1631716800.0,26.97
1631717100.0,26.97
1631717400.0,26.97
1631717700.0,26.98
1631718000.0,26.96
1631718300.0,26.96
1631718600.0,26.96
1631718900.0,26.94
1631719200.0,26.96
1631719500.0,26.94
1631719800.0,26.95
1631720100.0,26.94
1631720400.0,26.96
1631720700.0,26.96
1631721000.0,26.94
1631721300.0,26.94
1631721600.0,26.94
1631721900.0,26.94
1631722200.0,26.94
1631722500.0,26.94
1631722800.0,26.94
1631723100.0,26.93
1631723400.0,26.94
1631723700.0,26.96
1631724000.0,26.97
1631724300.0,26.97
1631724600.0,26.96
1631724900.0,26.97
1631725200.0,26.97
1631725500.0,26.97
1631725800.0,26.97
1631726100.0,26.97
1631726400.0,26.97
1631726700.0,26.97
1631727000.0,26.97
1631727300.0,26.96
1631727600.0,26.97
1631727900.0,26.97
1631728200.0,26.96
1631728500.0,26.97
1631728800.0,26.97
1631729100.0,26.95
1631729400.0,26.96
1631729700.0,26.96
1631730000.0,26.96
1631730300.0,26.96
1631730600.0,26.96
1631730900.0,26.97
1631731200.0,26.97
1631731500.0,26.97
1631731800.0,26.97
1631732100.0,26.97
1631732400.0,26.96
1631732700.0,26.96
1631733000.0,26.96
1631733300.0,26.97
1631733600.0,26.96
1631733900.0,26.97
1631734200.0,26.97
1631734500.0,26.96
1631734800.0,26.97
1631735100.0,26.97
1631735400.0,26.96
1631735700.0,26.96
1631736000.0,26.96
1631736300.0,26.97
1631736600.0,26.97
1631736900.0,26.97
1631737200.0,26.96
1631737500.0,26.97
1631737800.0,26.97
1631738100.0,26.96
1631738400.0,26.95
1631738700.0,26.95
1631739000.0,26.95
1631739300.0,26.95
1631739600.0,26.95
1631739900.0,26.95
1631740200.0,26.95
1631740500.0,26.95
1631740800.0,26.95
1631741100.0,26.94
1631741400.0,26.95
1631741700.0,26.95
1631742000.0,26.95
1631742300.0,26.95
1631742600.0,26.95
1631742900.0,26.94
1631743200.0,26.94
1631743500.0,26.95
1631743800.0,26.95
1631744100.0,26.95
1631744400.0,26.95
1631744700.0,26.95
1631745000.0,26.95
1631745300.0,26.95
1631745600.0,26.95
1631745900.0,26.95
1631746200.0,26.95
1631746500.0,26.95
1631746800.0,26.95
1631747100.0,26.95
1631747400.0,26.95
1631747700.0,26.95
1631748000.0,26.95
1631748300.0,26.95
1631748600.0,26.95
1631748900.0,26.95
1631749200.0,26.95
1631749500.0,26.95
1631749800.0,26.94
1631750100.0,26.95
1631750400.0,26.95
1631750700.0,26.95
1631751000.0,26.95
1631751300.0,26.94
1631751600.0,26.95
1631751900.0,26.94
1631752200.0,26.94
1631752500.0,26.95
1631752800.0,26.95
1631753100.0,26.95
1631753400.0,26.93
1631753700.0,26.95
1631754000.0,26.95
1631754300.0,26.93
1631754600.0,26.93
1631754900.0,26.93
1631755200.0,26.93
1631755500.0,26.93
1631755800.0,26.93
1631756100.0,26.94
1631756400.0,26.95
1631756700.0,26.94
1631757000.0,26.93
1631757300.0,26.93
1631757600.0,26.93
1631757900.0,26.93
1631758200.0,26.93
1631758500.0,26.93
1631758800.0,26.94
1631759100.0,26.93
1631759400.0,26.94
1631759700.0,26.94
1631760000.0,26.94
1631760300.0,26.94
1631760600.0,26.95
1631760900.0,26.95
1631760900.0,26.95
1631761200.0,26.95
1631761500.0,26.95
1631761800.0,26.95
1631762100.0,26.95
1631762400.0,26.95
1631762700.0,26.95
1631763000.0,26.95
1631763300.0,26.93
1631763600.0,26.95
1631763900.0,26.94
1631764200.0,26.94
1631764500.0,26.95
1631764800.0,26.95
1631765100.0,26.94
1631765400.0,26.94
1631765700.0,26.95
1631766000.0,26.95
1631766300.0,26.95
1631766600.0,26.95
1631766900.0,26.95
1631767200.0,26.95
1631767500.0,26.95
1631767800.0,26.95
1631768100.0,26.94
1631768400.0,26.94
1631768700.0,26.94
1631769000.0,26.95
1631769300.0,26.94
1631769600.0,26.94
1631769900.0,26.95
1631770200.0,26.95
1631770500.0,26.95
1631770800.0,26.95
1631771100.0,26.95
1631771400.0,26.95
1631771700.0,26.94
1631772000.0,26.94
1631772300.0,26.95
1631772600.0,26.95
1631772900.0,26.95
1631773200.0,26.95
1631773500.0,26.95
1631773800.0,26.95
1631774100.0,26.95
1631774400.0,26.94
1631774700.0,26.95
1631775000.0,26.96
1631775300.0,26.96
1631775600.0,26.96
1631775900.0,26.96
1631776200.0,26.97
1631776500.0,26.97
1631776800.0,26.96
1631777100.0,26.97
1631777400.0,26.97
1631777700.0,26.97
1631778000.0,26.97
1631778300.0,26.97
1631778600.0,26.96
1631778900.0,26.96
1631779200.0,26.97
1631779500.0,26.97
1631779800.0,26.97
1631780100.0,26.97
1631780400.0,26.97
1631780700.0,26.97
1631781000.0,26.97
1631781300.0,26.97
1631781600.0,26.97
1631781900.0,26.97
1631782200.0,26.97
1631782500.0,26.97
1631782800.0,26.97
1631783100.0,26.96
1631783400.0,26.96
1631783700.0,26.96
1631784000.0,26.96
1631784300.0,26.95
1631784600.0,26.95
1631784900.0,26.96
1631785200.0,26.96
1631785500.0,26.96
1631785800.0,26.96
1631786100.0,26.96
1631786400.0,26.96
1631786700.0,26.96
1631787000.0,26.95
1631787300.0,26.96
1631787600.0,26.96
1631787900.0,26.96
1631788200.0,26.96
1631788500.0,26.96
1631788800.0,26.95
1631789100.0,26.96
1631789400.0,26.96
1631789700.0,26.96
1631790000.0,26.97
1631790300.0,26.97
1631790600.0,26.97
1631790900.0,26.97
1631791200.0,26.97
1631791500.0,26.97
1631791800.0,26.97
1631792100.0,26.97
1631792400.0,26.98
1631792700.0,27.0
1631793000.0,27.0
1631793300.0,27.0
1631793600.0,27.01
1631793900.0,27.01
1631794200.0,27.0
1631794500.0,27.0
1631794800.0,26.98
1631795100.0,26.99
1631795400.0,26.99
1631795700.0,26.99
1631796000.0,26.97
1631796300.0,26.95
1631796600.0,26.97
1631796900.0,26.97
1631797200.0,26.98
1631797500.0,27.0
1631797800.0,27.0
1631798100.0,27.0
1631798400.0,27.02
1631798700.0,27.02
1631799000.0,27.02
1631799300.0,27.02
1631799600.0,27.02
1631799900.0,27.0
1631800200.0,26.99
1631800500.0,26.99
1631800800.0,26.98
1631801100.0,26.98
1631801400.0,26.98
1631801700.0,26.98
1631802000.0,26.98
1631802300.0,26.97
1631802600.0,26.98
1631802900.0,26.97
1631803200.0,26.98
1631803500.0,26.98
1631803800.0,26.99
1631804100.0,27.0
1631804400.0,27.0
1631804700.0,27.0
1631805000.0,27.0
1631805300.0,27.0
1631805600.0,27.0
1631805900.0,26.99
1631806200.0,26.99
1631806500.0,26.99
1631806800.0,26.99
1631807100.0,27.0
1631807400.0,27.0
1631807700.0,26.99
1631808000.0,27.0
1631808300.0,27.0
1631808600.0,27.0
1631808900.0,27.0
1631809200.0,27.0
1631809500.0,27.0
1631809800.0,27.0
1631810100.0,26.99
1631810400.0,27.0
1631810700.0,27.0
1631811000.0,27.0
1631811300.0,27.0
1631811600.0,27.0
1631811900.0,27.0
1631812200.0,27.0
1631812500.0,27.0
1631812800.0,27.0
1631813100.0,27.0
1631813400.0,27.0
1631813700.0,27.0
1631814000.0,27.0
1631814300.0,27.0
1631814600.0,27.0
1631814900.0,27.0
1631815200.0,27.0
1631815500.0,27.0
1631815800.0,27.0
1631816100.0,27.0
1631816400.0,27.0
1631816700.0,27.0
1631817000.0,27.0
1631817300.0,27.0
1631817600.0,27.0
1631817900.0,27.0
1631818200.0,27.0
1631818500.0,27.0
1631818800.0,27.0
1631819100.0,27.0
1631819400.0,27.0
1631819700.0,27.0
1631820000.0,27.0
1631820300.0,27.0
1631820600.0,27.0
1631820900.0,27.0
1631821200.0,27.0
1631821500.0,27.0
1631821800.0,27.0
1631822100.0,27.0
1631822400.0,27.0
1631822700.0,27.0
1631823000.0,27.0
1631823300.0,27.0
1631823600.0,26.99
1631823900.0,27.0
1631824200.0,27.0
1631824500.0,27.0
1631824800.0,27.0
1631825100.0,27.0
1631825400.0,27.0
1631825700.0,27.0
1631826000.0,27.0
1631826300.0,27.0
1631826600.0,27.0
1631826900.0,27.0
1631827200.0,27.0
1631827500.0,27.0
1631827800.0,27.0
1631828100.0,27.0
1631828400.0,27.0
1631828700.0,27.0
1631829000.0,27.0
1631829300.0,26.99
1631829600.0,27.0
1631829900.0,27.0
1631830200.0,26.99
1631830500.0,27.0
1631830800.0,27.0
1631831100.0,27.0
1631831400.0,27.0
1631831700.0,27.0
1631832000.0,27.0
1631832300.0,27.0
1631832600.0,27.0
1631832900.0,26.99
1631833200.0,27.0
1631833500.0,27.0
1631833800.0,27.0
1631834100.0,27.0
1631834400.0,26.99
1631834700.0,26.98
1631835000.0,27.0
1631835300.0,27.0
1631835600.0,26.99
1631835900.0,26.98
1631836200.0,27.0
1631836500.0,26.98
1631836800.0,26.98
1631837100.0,26.97
1631837400.0,26.98
1631837700.0,26.97
1631838000.0,26.98
1631838300.0,26.98
1631838600.0,26.98
1631838900.0,26.97
1631839200.0,26.98
1631839500.0,26.98
1631839800.0,26.98
1631840100.0,26.98
1631840400.0,26.97
1631840700.0,26.98
1631841000.0,26.98
1631841300.0,26.98
1631841600.0,26.98
1631841900.0,26.98
1631842200.0,26.98
1631842500.0,26.98
1631842800.0,26.98
1631843100.0,26.98
1631843400.0,26.98
1631843700.0,26.98
1631844000.0,26.98
1631844300.0,26.98
1631844600.0,26.97
1631844900.0,26.98
1631845200.0,26.98
1631845500.0,26.98
1631845800.0,26.98
1631846100.0,26.98
1631846400.0,26.98
1631846700.0,26.98
1631847000.0,26.98
1631847300.0,26.98
1631847600.0,26.98
1631847900.0,26.97
1631848200.0,26.98
1631848500.0,26.98
1631848800.0,26.98
1631849100.0,26.98
1631849400.0,26.98
1631849700.0,26.97
1631850000.0,26.98
1631850300.0,26.98
1631850600.0,26.96
1631850900.0,26.97
1631851200.0,26.98
1631851500.0,26.97
1631851800.0,26.97
1631852100.0,26.98
1631852400.0,26.97
1631852700.0,26.97
1631853000.0,26.98
1631853300.0,26.97
1631853600.0,26.97
1631853900.0,26.98
1631854200.0,26.98
1631854500.0,26.98
1631854800.0,26.98
1631855100.0,26.98
1631855400.0,26.98
1631855700.0,26.97
1631856000.0,26.98
1631856300.0,26.98
1631856600.0,26.98
1631856900.0,26.98
1631857200.0,26.98
1631857500.0,26.98
1631857800.0,26.98
1631858100.0,26.98
1631858400.0,26.99
1631858700.0,26.99
1631859000.0,26.99
1631859300.0,27.0
1631859600.0,26.99
1631859900.0,27.0
1631860200.0,27.0
1631860500.0,27.0
1631860800.0,27.0
1631861100.0,27.0
1631861400.0,27.0
1631861700.0,26.99
1631862000.0,27.0
1631862300.0,27.0
1631862600.0,27.0
1631862900.0,26.99
1631863200.0,27.0
1631863500.0,27.0
1631863800.0,27.0
1631864100.0,27.0
1631864400.0,27.01
1631864700.0,27.01
1631865000.0,27.01
1631865300.0,27.01
1631865600.0,27.01
1631865900.0,27.02
1631866200.0,27.02
1631866500.0,27.02
1631866800.0,27.02
1631867100.0,27.02
1631867400.0,27.02
1631867700.0,27.02
1631868000.0,27.01
1631868300.0,27.01
1631868600.0,27.02
1631868900.0,27.01
1631869200.0,27.0
1631869500.0,27.0
1631869800.0,27.0
1631870100.0,27.0
1631870400.0,27.0
1631870700.0,27.0
1631871000.0,27.0
1631871300.0,27.0
1631871600.0,27.0
1631871900.0,27.0
1631872200.0,27.0
1631872500.0,27.0
1631872800.0,27.0
1631873100.0,27.0
1631873400.0,26.99
1631873700.0,27.0
1631874000.0,27.0
1631874300.0,26.99
1631874600.0,27.0
1631874900.0,27.0
1631875200.0,27.0
1631875500.0,26.99
1631875800.0,26.98
1631876100.0,27.0
1631876400.0,27.0
1631876700.0,27.02
1631877000.0,27.03
1631877300.0,27.03
1631877600.0,27.03
1631877900.0,27.01
1631878200.0,27.01
1631878500.0,27.01
1631878800.0,27.01
1631879100.0,27.01
1631879400.0,27.0
1631879700.0,27.0
1631880000.0,27.0
1631880300.0,27.0
1631880600.0,27.01
1631880900.0,27.01
1631881200.0,26.98
1631881500.0,26.96
1631881800.0,26.97
1631882100.0,26.93
1631882400.0,26.92
1631882700.0,26.92
1631883000.0,26.97
1631883300.0,27.0
1631883600.0,27.01
1631883900.0,27.01
1631884200.0,27.0
1631884500.0,27.0
1631884800.0,27.0
1631885100.0,27.0
1631885400.0,27.0
1631885700.0,27.0
1631886000.0,26.97
1631886300.0,26.97
1631886600.0,26.97
1631886900.0,26.95
1631887200.0,26.95
1631887500.0,26.91
1631887800.0,26.87
1631888100.0,26.88
1631888400.0,26.88
1631888700.0,26.88
1631889000.0,26.88
1631889300.0,26.88
1631889600.0,26.97
1631889900.0,26.96
1631890200.0,26.97
1631890500.0,26.97
1631890800.0,26.97
1631891100.0,26.97
1631891400.0,26.97
1631891700.0,26.97
1631892000.0,26.99
1631892300.0,26.99
1631892600.0,26.99
1631892900.0,26.98
1631893200.0,26.99
1631893500.0,26.99
1631893800.0,26.99
1631894100.0,26.99
1631894400.0,27.0
1631894700.0,27.0
1631895000.0,27.0
1631895300.0,27.0
1631895600.0,27.0
1631895900.0,26.99
1631896200.0,27.0
1631896500.0,27.0
1631896800.0,26.97
1631897100.0,26.97
1631897400.0,26.96
1631897700.0,26.97
1631898000.0,26.97
1631898300.0,26.97
1631898600.0,26.97
1631898900.0,26.97
1631899200.0,26.96
1631899500.0,26.97
1631899800.0,26.97
1631900100.0,26.97
1631900400.0,26.97
1631900700.0,26.97
1631901000.0,26.97
1631901300.0,26.97
1631901600.0,26.97
1631901900.0,26.97
1631902200.0,26.97
1631902500.0,26.97
1631902800.0,26.97
1631903100.0,26.96
1631903400.0,26.95
1631903700.0,26.96
1631904000.0,26.97
1631904300.0,26.98
1631904600.0,26.98
1631904900.0,27.0
1631905200.0,27.0
1631905500.0,27.0
1631905800.0,27.0
1631906100.0,27.0
1631906400.0,27.0
1631906700.0,27.01
1631907000.0,27.01
1631907300.0,27.0
1631907600.0,27.01
1631907900.0,27.0
1631908200.0,27.01
1631908500.0,27.01
1631908800.0,27.0
1631909100.0,27.01
1631909400.0,27.01
1631909700.0,27.01
1631910000.0,27.0
1631910300.0,27.03
1631910600.0,27.03
1631910600.0,27.03
1631910900.0,27.03
1631911200.0,27.03
1631911500.0,27.03
1631911800.0,27.03
1631912100.0,27.02
1631912400.0,27.03
1631912700.0,26.99
1631913000.0,26.99
1631913300.0,26.99
1631913600.0,26.99
1631913900.0,26.99
1631914200.0,26.99
1631914500.0,26.99
1631914800.0,26.98
1631915100.0,26.98
1631915400.0,26.98
1631915700.0,26.98
1631916000.0,26.98
1631916300.0,26.98
1631916600.0,26.98
1631916900.0,26.98
1631917200.0,26.98
1631917500.0,26.98
1631917800.0,26.99
1631918100.0,26.98
1631918400.0,26.99
1631918700.0,26.96
1631919000.0,26.95
1631919300.0,26.96
1631919600.0,26.96
1631919900.0,26.96
1631920200.0,26.95
1631920500.0,26.96
1631920800.0,26.96
1631921100.0,26.96
1631921400.0,26.97
1631921700.0,26.97
1631922000.0,26.97
1631922300.0,26.98
1631922600.0,26.98
1631922900.0,26.98
1631923200.0,26.98
1631923500.0,26.97
1631923800.0,26.96
1631924100.0,26.96
1631924400.0,26.96
1631924700.0,26.96
1631925000.0,26.96
1631925300.0,26.96
1631925600.0,26.96
1631925900.0,26.96
1631926200.0,26.96
1631926500.0,26.96
1631926800.0,26.96
1631927100.0,26.96
1631927400.0,26.95
1631927700.0,26.95
1631928000.0,26.95
1631928300.0,26.95
1631928600.0,26.96
1631928900.0,26.96
1631929200.0,26.95
1631929500.0,26.95
1631929800.0,26.95
1631930100.0,26.95
1631930400.0,26.95
1631930700.0,26.94
1631931000.0,26.94
1631931300.0,26.94
1631931600.0,26.95
1631931900.0,26.95
1631932200.0,26.95
1631932500.0,26.95
1631932800.0,26.95
1631933100.0,26.95
1631933400.0,26.96
1631933700.0,26.96
1631934000.0,26.96
1631934300.0,26.96
1631934600.0,26.96
1631934900.0,26.94
1631935200.0,26.94
1631935500.0,26.94
1631935800.0,26.96
1631936100.0,26.94
1631936400.0,26.96
1631936700.0,26.96
1631937000.0,26.94
1631937300.0,26.96
1631937600.0,26.95
1631937900.0,26.96
1631938200.0,26.94
1631938500.0,26.94
1631938800.0,26.94
1631939100.0,26.94
1631939400.0,26.94
1631939700.0,26.96
1631940000.0,26.96
1631940300.0,26.96
1631940600.0,26.97
1631940900.0,26.97
1631941200.0,26.95
1631941500.0,26.95
1631941800.0,26.94
1631942100.0,26.94
1631942400.0,26.94
1631942700.0,26.95
1631943000.0,26.95
1631943300.0,26.95
1631943600.0,26.95
1631943900.0,26.95
1631944200.0,26.95
1631944500.0,26.95
1631944800.0,26.95
1631945100.0,26.95
1631945400.0,26.95
1631945700.0,26.96
1631946000.0,26.97
1631946300.0,26.98
1631946600.0,26.98
1631946900.0,27.0
1631947200.0,27.0
1631947500.0,27.0
1631947800.0,27.0
1631948100.0,27.0
1631948400.0,27.0
1631948700.0,27.0
1631949000.0,27.01
1631949300.0,27.01
1631949600.0,27.01
1631949900.0,27.01
1631950200.0,27.0
1631950500.0,27.01
1631950800.0,27.01
1631951100.0,27.01
1631951400.0,27.01
1631951700.0,27.0
1631952000.0,27.0
1631952300.0,26.99
1631952600.0,26.99
1631952900.0,26.99
1631953200.0,26.98
1631953500.0,26.99
1631953800.0,26.99
1631954100.0,26.98
1631954400.0,26.98
1631954700.0,26.98
1631955000.0,26.98
1631955300.0,26.99
1631955600.0,26.99
1631955900.0,26.99
1631956200.0,26.99
1631956500.0,26.99
1631956800.0,26.98
1631957100.0,26.99
1631957400.0,26.98
1631957700.0,26.99
1631958000.0,26.98
1631958300.0,26.99
1631958600.0,26.99
1631958900.0,26.99
1631959200.0,26.99
1631959500.0,26.99
1631959800.0,26.99
1631960100.0,26.99
1631960400.0,26.99
1631960700.0,26.99
1631961000.0,26.99
1631961300.0,26.99
1631961600.0,26.99
1631961900.0,26.99
1631962200.0,26.99
1631962500.0,26.99
1631962800.0,26.99
1631963100.0,26.99
1631963400.0,26.99
1631963700.0,26.99
1631964000.0,26.99
1631964300.0,26.99
1631964600.0,26.99
1631964900.0,26.99
1631965200.0,26.99
1631965500.0,26.99
1631965800.0,26.99
1631966100.0,27.0
1631966400.0,26.99
1631966700.0,27.0
1631967000.0,27.0
1631967300.0,27.0
1631967600.0,27.0
1631967900.0,27.0
1631968200.0,27.0
1631968500.0,27.0
1631968800.0,27.0
1631969100.0,27.0
1631969400.0,26.97
1631969700.0,26.97
1631970000.0,26.97
1631970300.0,26.97
1631970600.0,26.97
1631970900.0,26.97
1631971200.0,26.97
1631971500.0,26.97
1631971800.0,26.97
1631972100.0,26.97
1631972400.0,26.97
1631972700.0,26.97
1631973000.0,26.97
1631973300.0,26.97
1631973600.0,26.97
1631973900.0,26.96
1631974200.0,26.97
1631974500.0,26.97
1631974800.0,26.97
1631975100.0,26.97
1631975400.0,26.97
1631975700.0,26.97
1631976000.0,26.97
1631976300.0,26.97
1631976600.0,26.96
1631976900.0,26.97
1631977200.0,26.97
1631977500.0,26.97
1631977800.0,26.97
1631978100.0,26.97
1631978400.0,26.97
1631978700.0,26.97
1631979000.0,26.97
1631979300.0,26.97
1631979600.0,26.97
1631979900.0,26.97
1631980200.0,26.99
1631980500.0,27.0
1631980800.0,26.99
1631981100.0,27.0
1631981400.0,27.0
1631981700.0,26.99
1631982000.0,26.99
1631982300.0,26.99
1631982600.0,27.0
1631982900.0,27.0
1631983200.0,26.98
1631983500.0,26.98
1631983800.0,27.0
1631984100.0,26.98
1631984400.0,27.0
1631984700.0,26.98
1631985000.0,26.98
1631985300.0,26.99
1631985600.0,26.98
1631985900.0,27.0
1631986200.0,26.98
1631986500.0,27.0
1631986800.0,26.99
1631987100.0,26.99
1631987400.0,26.99
1631987700.0,26.98
1631988000.0,26.99
1631988300.0,26.99
1631988600.0,26.99
1631988900.0,26.99
1631989200.0,26.99
1631989500.0,26.99
1631989800.0,26.99
1631990100.0,26.99
1631990400.0,26.98
1631990700.0,26.98
1631991000.0,26.98
1631991300.0,26.97
1631991600.0,26.96
1631991900.0,26.96
1631992200.0,26.96
1631992500.0,26.96
1631992800.0,26.96
1631993100.0,26.96
1631993400.0,26.96
1631993700.0,26.96
1631994000.0,26.96
1631994300.0,26.95
1631994600.0,26.96
1631994900.0,26.96
1631995200.0,26.95
1631995500.0,26.96
1631995800.0,26.96
1631996100.0,26.96
1631996400.0,26.95
1631996700.0,26.95
1631997000.0,26.94
1631997300.0,26.95
1631997600.0,26.96
1631997900.0,26.95
1631998200.0,26.96
1631998500.0,26.96
1631998800.0,26.96
1631999100.0,26.96
1631999400.0,26.99
1631999700.0,26.97
1632000000.0,26.95
1632000300.0,26.94
1632000600.0,26.94
1632000900.0,26.94
1632001200.0,26.96
1632001500.0,26.96
1632001800.0,26.98
1632002100.0,26.97
1632002400.0,26.98
1632002700.0,26.98
1632003000.0,26.98
1632003300.0,26.98
1632003600.0,26.98
1632003900.0,26.98
1632004200.0,26.97
1632004500.0,26.98
1632004800.0,26.98
1632005100.0,26.98
1632005400.0,26.99
1632005700.0,26.98
1632006000.0,26.98
1632006300.0,26.98
1632006600.0,26.98
1632006900.0,26.98
1632007200.0,26.98
1632007500.0,26.98
1632007800.0,26.98
1632008100.0,26.98
1632008400.0,26.95
1632008700.0,26.95
1632009000.0,26.95
1632009300.0,26.95
1632009600.0,26.95
1632009900.0,26.95
1632010200.0,26.95
1632010500.0,26.95
1632010800.0,26.95
1632011100.0,26.95
1632011400.0,26.95
1632011700.0,26.95
1632012000.0,26.95
1632012300.0,26.95
1632012600.0,26.94
1632012900.0,26.95
1632013200.0,26.95
1632013500.0,26.95
1632013800.0,26.95
1632014100.0,26.95
1632014400.0,26.95
1632014700.0,26.94
1632015000.0,26.94
1632015300.0,26.95
1632015600.0,26.95
1632015900.0,26.95
1632016200.0,26.95
1632016500.0,26.95
1632016800.0,26.95
1632017100.0,26.95
1632017400.0,26.95
1632017700.0,26.95
1632018000.0,26.95
1632018300.0,26.95
1632018600.0,26.95
1632018900.0,26.95
1632019200.0,26.95
1632019500.0,26.95
1632019800.0,26.95
1632020100.0,26.95
1632020400.0,26.95
1632020700.0,26.95
1632021000.0,26.95
1632021300.0,26.95
1632021600.0,26.95
1632021900.0,26.95
1632022200.0,26.95
1632022500.0,26.94
1632022800.0,26.95
1632023100.0,26.95
1632023400.0,26.95
1632023700.0,26.95
1632024000.0,26.95
1632024300.0,26.94
1632024600.0,26.95
1632024900.0,26.95
1632025200.0,26.95
1632025500.0,26.95
1632025800.0,26.95
1632026100.0,26.95
1632026400.0,26.95
1632026700.0,26.95
1632027000.0,26.95
1632027300.0,26.97
1632027600.0,26.96
1632027900.0,26.96
1632028200.0,26.96
1632028500.0,26.96
1632028800.0,26.95
1632029100.0,26.96
1632029400.0,26.96
1632029700.0,26.96
1632030000.0,26.96
1632030300.0,26.96
1632030600.0,26.96
1632030900.0,26.96
1632031200.0,26.96
1632031500.0,26.96
1632031800.0,26.96
1632032100.0,26.96
1632032400.0,26.96
1632032700.0,26.96
1632033000.0,26.96
1632033300.0,26.96
1632033600.0,26.96
1632033900.0,26.95
1632034200.0,26.96
1632034500.0,26.95
1632034800.0,26.96
1632035100.0,26.96
1632035400.0,26.96
1632035700.0,26.95
1632036000.0,26.96
1632036300.0,26.99
1632036600.0,26.99
1632036900.0,26.98
1632037200.0,26.98
1632037500.0,26.99
1632037800.0,26.99
1632038100.0,26.99
1632038400.0,26.98
1632038700.0,26.98
1632039000.0,26.99
1632039300.0,26.99
1632039600.0,26.98
1632039900.0,26.99
1632040200.0,26.99
1632040500.0,26.99
1632040800.0,26.99
1632041100.0,26.99
1632041400.0,26.99
1632041700.0,26.99
1632042000.0,26.99
1632042300.0,26.99
1632042600.0,26.99
1632042900.0,26.99
1632043200.0,26.99
1632043500.0,26.99
1632043800.0,26.98
1632044100.0,26.98
1632044400.0,26.99
1632044700.0,26.99
1632045000.0,26.98
1632045300.0,26.98
1632045600.0,26.99
1632045900.0,26.98
1632046200.0,26.99
1632046500.0,26.98
1632046800.0,26.99
1632047100.0,26.99
1632047400.0,26.98
1632047700.0,26.99
1632048000.0,26.99
1632048300.0,26.99
1632048600.0,26.99
1632048900.0,26.98
1632049200.0,26.99
1632049500.0,26.98
1632049800.0,26.98
1632050100.0,26.99
1632050400.0,26.99
1632050700.0,26.99
1632051000.0,26.98
1632051300.0,26.98
1632051600.0,26.99
1632051900.0,26.98
1632052200.0,26.99
1632052500.0,26.99
1632052800.0,26.98
1632053100.0,26.97
1632053400.0,26.97
1632053700.0,26.97
1632054000.0,26.96
1632054300.0,26.96
1632054600.0,26.97
1632054900.0,26.97
1632055200.0,26.96
1632055500.0,26.97
1632055800.0,26.96
1632056100.0,26.97
1632056400.0,26.97
1632056700.0,26.98
1632057000.0,26.98
1632057300.0,26.97
1632057600.0,26.98
1632057900.0,26.98
1632058200.0,26.98
1632058500.0,26.98
1632058800.0,26.97
1632059100.0,26.98
1632059400.0,26.97
1632059700.0,26.97
1632060000.0,26.96
1632060300.0,26.98
1632060300.0,26.98
1632060600.0,26.97
1632060900.0,26.98
1632061200.0,26.98
1632061500.0,26.98
1632061800.0,26.98
1632062100.0,26.98
1632062400.0,26.98
1632062700.0,26.98
1632063000.0,26.98
1632063300.0,26.98
1632063600.0,26.98
1632063900.0,26.97
1632064200.0,26.97
1632064500.0,26.97
1632064800.0,26.98
1632065100.0,26.97
1632065400.0,26.96
1632065700.0,26.96
1632066000.0,26.96
1632066300.0,26.96
1632066600.0,26.96
1632066900.0,26.96
1632067200.0,26.96
1632067500.0,26.97
1632067800.0,26.96
1632068100.0,26.96
1632068400.0,26.96
1632068700.0,26.96
1632069000.0,26.96
1632069300.0,26.96
1632069600.0,26.96
1632069900.0,26.96
1632070200.0,26.96
1632070500.0,26.96
1632070800.0,26.96
1632071100.0,26.95
1632071400.0,26.97
1632071700.0,26.97
1632072000.0,26.97
1632072300.0,26.97
1632072600.0,26.97
1632072900.0,26.97
1632073200.0,26.97
1632073500.0,26.97
1632073800.0,26.97
1632074100.0,26.97
1632074400.0,26.97
1632074700.0,26.97
1632075000.0,26.97
1632075300.0,26.97
1632075600.0,26.97
1632075900.0,26.97
1632076200.0,26.96
1632076500.0,26.96
1632076800.0,26.97
1632077100.0,26.97
1632077400.0,26.97
1632077700.0,26.97
1632078000.0,26.97
1632078300.0,26.98
1632078600.0,26.98
1632078900.0,26.98
1632079200.0,26.98
1632079500.0,26.98
1632079800.0,26.98
1632080100.0,26.98
1632080400.0,26.98
1632080700.0,26.97
1632081000.0,26.98
1632081300.0,26.98
1632081600.0,26.98
1632081900.0,26.98
1632082200.0,26.98
1632082500.0,26.98
1632082800.0,26.97
1632083100.0,26.98
1632083400.0,26.98
1632083700.0,26.98
1632084000.0,26.97
1632084300.0,26.97
1632084600.0,26.97
1632084900.0,26.98
1632085200.0,26.98
1632085500.0,26.98
1632085800.0,26.98
1632086100.0,26.98
1632086400.0,26.98
1632086700.0,26.97
1632087000.0,26.97
1632087300.0,26.98
1632087600.0,26.98
1632087900.0,26.98
1632088200.0,26.97
1632088500.0,26.96
1632088800.0,26.97
1632089100.0,26.97
1632089400.0,26.97
1632089700.0,26.97
1632090000.0,26.97
1632090300.0,26.97
1632090600.0,26.97
1632090900.0,26.97
1632091200.0,26.97
1632091500.0,26.97
1632091800.0,26.97
1632092100.0,26.97
1632092400.0,26.97
1632092700.0,26.97
1632093000.0,26.97
1632093300.0,26.97
1632093600.0,26.97
1632093900.0,26.96
1632094200.0,26.97
1632094500.0,26.97
1632094800.0,26.96
1632095100.0,26.97
1632095400.0,26.97
1632095700.0,26.97
1632096000.0,26.97
1632096300.0,26.97
1632096600.0,26.97
1632096900.0,26.97
1632097200.0,26.97
1632097500.0,26.97
1632097800.0,26.96
1632098100.0,26.97
1632098400.0,26.97
1632098700.0,26.97
1632099000.0,26.97
1632099300.0,26.97
1632099600.0,26.97
1632099900.0,26.97
1632100200.0,26.97
1632100500.0,26.96
1632100800.0,26.97
1632101100.0,26.97
1632101400.0,26.97
1632101700.0,26.97
1632102000.0,26.96
1632102300.0,26.97
1632102600.0,26.97
1632102900.0,26.97
1632103200.0,26.97
1632103500.0,26.97
1632103800.0,26.97
1632104100.0,26.96
1632104400.0,26.96
1632104700.0,26.97
1632105000.0,26.97
1632105300.0,26.97
1632105600.0,26.97
1632105900.0,26.97
1632106200.0,26.97
1632106500.0,26.97
1632106800.0,26.97
1632107100.0,26.96
1632107400.0,26.96
1632107700.0,26.97
1632108000.0,26.97
1632108300.0,26.97
1632108600.0,26.97
1632108900.0,26.97
1632109200.0,26.97
1632109500.0,26.96
1632109800.0,26.97
1632110100.0,26.97
1632110400.0,26.97
1632110700.0,26.97
1632111000.0,26.97
1632111300.0,26.97
1632111600.0,26.97
1632111900.0,26.97
1632112200.0,26.97
1632112500.0,26.97
1632112800.0,26.97
1632113100.0,26.97
1632113400.0,26.97
1632113700.0,26.97
1632114000.0,26.97
1632114300.0,26.98
1632114600.0,26.99
1632114900.0,26.99
1632115200.0,26.99
1632115500.0,27.0
1632115800.0,27.04
1632116100.0,27.04
1632116400.0,27.04
1632116700.0,27.07
1632117000.0,27.06
1632117300.0,27.09
1632117600.0,27.1
1632117900.0,27.09
1632118200.0,27.1
1632118500.0,27.09
1632118800.0,27.1
1632119100.0,27.08
1632119400.0,27.05
1632119700.0,27.05
1632120000.0,27.06
1632120300.0,27.06
1632120600.0,27.05
1632120900.0,27.05
1632121200.0,27.04
1632121500.0,27.07
1632121800.0,27.06
1632122100.0,27.08
1632122400.0,27.07
1632122700.0,27.08
1632123000.0,27.05
1632123300.0,27.06
1632123600.0,27.05
1632123900.0,27.05
1632124200.0,27.08
1632124500.0,27.09
1632124800.0,27.1
1632125100.0,27.09
1632125400.0,27.1
1632125700.0,27.08
1632126000.0,27.1
1632126300.0,27.11
1632126600.0,27.1
1632126900.0,27.07
1632127200.0,27.07
1632127500.0,27.07
1632127800.0,27.07
1632128100.0,27.1
1632128400.0,27.11
1632128700.0,27.11
1632129000.0,27.11
1632129300.0,27.11
1632129600.0,27.11
1632129900.0,27.11
1632130200.0,27.11
1632130500.0,27.11
1632130800.0,27.09
1632131100.0,27.09
1632131400.0,27.09
1632131700.0,27.1
1632132000.0,27.1
1632132300.0,27.1
1632132600.0,27.1
1632132900.0,27.1
1632133200.0,27.1
1632133500.0,27.1
1632133800.0,27.1
1632134100.0,27.1
1632134400.0,27.1
1632134700.0,27.1
1632135000.0,27.07
1632135300.0,27.05
1632135600.0,27.06
1632135900.0,27.06
1632136200.0,27.06
1632136500.0,27.06
1632136800.0,27.06
1632137100.0,27.06
1632137400.0,27.06
1632137700.0,27.06
1632138000.0,27.05
1632138300.0,27.04
1632138600.0,27.04
1632138900.0,27.04
1632139200.0,27.04
1632139500.0,27.04
1632139800.0,27.05
1632140100.0,27.04
1632140400.0,27.05
1632140700.0,27.05
1632141000.0,27.05
1632141300.0,27.05
1632141600.0,27.05
1632141900.0,27.05
1632142200.0,27.05
1632142500.0,27.05
1632142800.0,27.05
1632143100.0,27.05
1632143400.0,27.05
1632143700.0,27.04
1632144000.0,27.06
1632144300.0,27.06
1632144600.0,27.06
1632144900.0,27.06
1632145200.0,27.06
1632145500.0,27.06
1632145800.0,27.06
1632146100.0,27.06
1632146400.0,27.08
1632146700.0,27.07
1632147000.0,27.07
1632147300.0,27.07
1632147600.0,27.07
1632147900.0,27.07
1632148200.0,27.07
1632148500.0,27.07
1632148800.0,27.07
1632149100.0,27.07
1632149400.0,27.07
1632149700.0,27.07
1632150000.0,27.07
1632150300.0,27.07
1632150600.0,27.07
1632150900.0,27.07
1632151200.0,27.07
1632151500.0,27.07
1632151800.0,27.07
1632152100.0,27.06
1632152400.0,27.06
1632152700.0,27.07
1632153000.0,27.07
1632153300.0,27.07
1632153600.0,27.07
1632153900.0,27.07
1632154200.0,27.07
1632154500.0,27.04
1632154800.0,27.04
1632155100.0,27.04
1632155400.0,27.04
1632155700.0,27.03
1632156000.0,27.04
1632156300.0,27.04
1632156600.0,27.04
1632156900.0,27.04
1632157200.0,27.04
1632157500.0,27.09
1632157800.0,27.08
1632158100.0,27.1
1632158400.0,27.1
1632158700.0,27.1
1632159000.0,27.08
1632159300.0,27.03
1632159600.0,27.02
1632159900.0,27.02
1632160200.0,27.02
1632160500.0,27.02
1632160800.0,27.02
1632161100.0,27.02
1632161400.0,27.01
1632161700.0,27.02
1632162000.0,27.02
1632162300.0,27.02
1632162600.0,27.01
1632162900.0,27.02
1632163200.0,27.02
1632163500.0,27.01
1632163800.0,27.02
1632164100.0,27.02
1632164400.0,27.02
1632164700.0,27.01
1632165000.0,27.0
1632165300.0,27.03
1632165600.0,27.02
1632165900.0,27.06
1632166200.0,27.04
1632166500.0,27.03
1632166800.0,27.01
1632167100.0,27.01
1632167400.0,27.01
1632167700.0,27.0
1632168000.0,27.0
1632168300.0,27.01
1632168600.0,27.01
1632168900.0,27.01
1632169200.0,27.01
1632169500.0,27.01
1632169800.0,27.0
1632170100.0,27.0
1632170400.0,27.01
1632170700.0,27.01
1632171000.0,27.01
1632171300.0,27.01
1632171600.0,27.01
1632171900.0,27.02
1632172200.0,26.97
1632172500.0,27.01
1632172800.0,27.01
1632173100.0,27.02
1632173400.0,27.04
1632173700.0,27.04
1632174000.0,27.03
1632174300.0,27.06
1632174600.0,27.05
1632174900.0,27.05
1632175200.0,27.06
1632175500.0,27.04
1632175800.0,27.04
1632176100.0,27.03
1632176400.0,27.04
1632176700.0,27.03
1632177000.0,27.03
1632177300.0,27.03
1632177600.0,27.04
1632177900.0,27.04
1632178200.0,27.04
1632178500.0,27.03
1632178800.0,27.03
1632179100.0,27.02
1632179400.0,27.02
1632179700.0,27.01
1632180000.0,27.0
1632180300.0,27.0
1632180600.0,26.98
1632180900.0,26.98
1632181200.0,26.98
1632181500.0,26.98
1632181800.0,26.98
1632182100.0,26.98
1632182400.0,26.97
1632182700.0,26.96
1632183000.0,26.96
1632183300.0,26.96
1632183600.0,26.96
1632183900.0,26.96
1632184200.0,26.94
1632184500.0,26.94
1632184800.0,26.94
1632185100.0,26.94
1632185400.0,26.95
1632185700.0,26.95
1632186000.0,26.98
1632186300.0,26.96
1632186600.0,26.96
1632186900.0,26.97
1632187200.0,26.95
1632187500.0,26.97
1632187800.0,26.97
1632188100.0,26.97
1632188400.0,26.94
1632188700.0,26.95
1632189000.0,26.95
1632189300.0,26.95
1632189600.0,26.96
1632189900.0,26.96
1632190200.0,26.96
1632190500.0,26.97
1632190800.0,26.97
1632191100.0,26.97
1632191400.0,26.97
1632191700.0,26.97
1632192000.0,26.97
1632192300.0,26.97
1632192600.0,26.98
1632192900.0,26.98
1632193200.0,27.0
1632193500.0,27.0
1632193800.0,27.0
1632194100.0,27.0
1632194400.0,27.0
1632194700.0,27.0
1632195000.0,27.0
1632195300.0,27.0
1632195600.0,27.0
1632195900.0,26.99
1632196200.0,27.0
1632196500.0,26.99
1632196800.0,27.0
1632197100.0,27.0
1632197400.0,26.96
1632197700.0,26.96
1632198000.0,26.96
1632198300.0,26.96
1632198600.0,26.96
1632198900.0,26.96
1632199200.0,26.96
1632199500.0,26.96
1632199800.0,26.96
1632200100.0,26.96
1632200400.0,26.96
1632200700.0,26.96
1632201000.0,26.96
1632201300.0,26.97
1632201600.0,26.95
1632201900.0,26.97
1632202200.0,26.97
1632202500.0,26.97
1632202800.0,26.98
1632203100.0,26.98
1632203400.0,26.99
1632203700.0,26.99
1632204000.0,26.98
1632204300.0,26.98
1632204600.0,27.0
1632204900.0,27.0
1632205200.0,27.02
1632205500.0,27.02
1632205800.0,27.02
1632206100.0,26.99
1632206400.0,26.99
1632206700.0,26.99
1632207000.0,27.0
1632207300.0,27.0
1632207600.0,26.99
1632207900.0,27.0
1632208200.0,27.0
1632208500.0,27.0
1632208800.0,27.0
1632209100.0,27.0
1632209400.0,26.97
1632209700.0,27.0
1632210000.0,27.0
1632210000.0,27.0
1632210300.0,27.01
1632210600.0,27.01
1632210900.0,27.01
1632211200.0,27.01
1632211500.0,27.01
1632211800.0,27.01
1632212100.0,27.01
1632212400.0,27.0
1632212700.0,27.01
1632213000.0,27.01
1632213300.0,27.01
1632213600.0,27.0
1632213900.0,27.01
1632214200.0,27.0
1632214500.0,27.0
1632214800.0,27.0
1632215100.0,27.0
1632215400.0,27.0
1632215700.0,27.01
1632216000.0,27.01
1632216300.0,27.01
1632216600.0,27.01
1632216900.0,27.01
1632217200.0,27.0
1632217500.0,27.02
1632217800.0,27.02
1632218100.0,27.02
1632218400.0,27.02
1632218700.0,27.02
1632219000.0,27.02
1632219300.0,27.02
1632219600.0,27.02
1632219900.0,27.01
1632220200.0,27.02
1632220500.0,27.01
1632220800.0,27.02
1632221100.0,26.98
1632221400.0,26.95
1632221700.0,26.98
1632222000.0,26.99
1632222300.0,27.0
1632222600.0,26.99
1632222900.0,27.01
1632223200.0,27.0
1632223500.0,27.0
1632223800.0,26.98
1632224100.0,27.0
1632224400.0,26.99
1632224700.0,27.02
1632225000.0,27.04
1632225300.0,27.04
1632225600.0,27.04
1632225900.0,27.04
1632226200.0,27.04
1632226500.0,27.04
1632226800.0,27.03
1632227100.0,27.01
1632227400.0,27.01
1632227700.0,27.02
1632228000.0,27.02
1632228300.0,27.02
1632228600.0,27.02
1632228900.0,27.02
1632229200.0,27.03
1632229500.0,27.03
1632229800.0,27.03
1632230100.0,27.02
1632230400.0,27.03
1632230700.0,27.03
1632231000.0,27.03
1632231300.0,27.03
1632231600.0,27.03
1632231900.0,27.03
1632232200.0,27.01
1632232500.0,27.03
1632232800.0,27.03
1632233100.0,27.03
1632233400.0,27.02
1632233700.0,27.03
1632234000.0,27.03
1632234300.0,27.03
1632234600.0,27.03
1632234900.0,27.03
1632235200.0,27.03
1632235500.0,27.03
1632235800.0,27.03
1632236100.0,27.03
1632236400.0,27.03
1632236700.0,27.02
1632237000.0,27.01
1632237300.0,27.02
1632237600.0,27.02
1632237900.0,27.02
1632238200.0,27.02
1632238500.0,27.03
1632238800.0,27.03
1632239100.0,27.02
1632239400.0,27.02
1632239700.0,27.02
1632240000.0,27.02
1632240300.0,27.02
1632240600.0,27.03
1632240900.0,27.03
1632241200.0,27.02
1632241500.0,27.02
1632241800.0,27.03
1632242100.0,27.02
1632242400.0,27.03
1632242700.0,27.02
1632243000.0,27.03
1632243300.0,27.02
1632243600.0,27.03
1632243900.0,27.03
1632244200.0,27.03
1632244500.0,27.03
1632244800.0,27.03
1632245100.0,27.03
1632245400.0,27.02
1632245700.0,27.03
1632246000.0,27.03
1632246300.0,27.03
1632246600.0,27.03
1632246900.0,27.03
1632247200.0,27.03
1632247500.0,27.03
1632247800.0,27.02
1632248100.0,27.03
1632248400.0,27.03
1632248700.0,27.03
1632249000.0,27.02
1632249300.0,27.02
1632249600.0,26.98
1632249900.0,27.0
1632250200.0,27.01
1632250500.0,27.01
1632250800.0,27.01
1632251100.0,27.03
1632251400.0,27.03
1632251700.0,27.03
1632252000.0,27.05
1632252300.0,27.04
1632252600.0,27.04
1632252900.0,27.03
1632253200.0,27.02
1632253500.0,27.02
1632253800.0,27.03
1632254100.0,27.03
1632254400.0,27.03
1632254700.0,27.0
1632255000.0,26.99
1632255300.0,27.0
1632255600.0,27.0
1632255900.0,27.0
1632256200.0,27.0
1632256500.0,27.0
1632256800.0,27.0
1632257100.0,27.0
1632257400.0,27.0
1632257700.0,27.01
1632258000.0,27.0
1632258300.0,27.0
1632258600.0,27.0
1632258900.0,27.01
1632259200.0,27.01
1632259500.0,26.99
1632259800.0,26.99
1632260100.0,26.99
1632260400.0,26.99
1632260700.0,27.0
1632261000.0,27.0
1632261300.0,27.0
1632261600.0,27.0
1632261900.0,27.0
1632262200.0,27.01
1632262500.0,27.02
1632262800.0,27.02
1632263100.0,27.02
1632263400.0,27.02
1632263700.0,27.02
1632264000.0,27.02
1632264300.0,27.03
1632264600.0,27.03
1632264900.0,27.02
1632265200.0,27.03
1632265500.0,27.03
1632265800.0,27.02
1632266100.0,27.03
1632266400.0,27.03
1632266700.0,27.03
1632267000.0,27.03
1632267300.0,27.03
1632267600.0,27.03
1632267900.0,27.03
1632268200.0,27.03
1632268500.0,27.02
1632268800.0,27.03
1632269100.0,27.01
1632269400.0,27.02
1632269700.0,27.02
1632270000.0,27.01
1632270300.0,27.01
1632270600.0,27.03
1632270900.0,27.03
1632271200.0,27.03
1632271500.0,27.03
1632271800.0,27.03
1632272100.0,27.01
1632272400.0,27.01
1632272700.0,27.01
1632273000.0,27.01
1632273300.0,27.01
1632273600.0,27.01
1632273900.0,27.01
1632274200.0,27.01
1632274500.0,27.01
1632274800.0,27.01
1632275100.0,27.01
1632275400.0,27.01
1632275700.0,27.01
1632276000.0,27.01
1632276300.0,27.0
1632276600.0,27.01
1632276900.0,27.0
1632277200.0,27.01
1632277500.0,27.01
1632277800.0,27.01
1632278100.0,27.0
1632278400.0,27.01
1632278700.0,27.01
1632279000.0,27.01
1632279300.0,27.01
1632279600.0,27.01
1632279900.0,27.01
1632280200.0,27.01
1632280500.0,27.01
1632280800.0,27.01
1632281100.0,27.01
1632281400.0,27.01
1632281700.0,27.01
1632282000.0,27.01
1632282300.0,27.01
1632282600.0,27.01
1632282900.0,27.0
1632283200.0,27.01
1632283500.0,27.01
1632283800.0,27.01
1632284100.0,27.01
1632284400.0,27.01
1632284700.0,27.01
1632285000.0,27.01
1632285300.0,27.01
1632285600.0,27.01
1632285900.0,27.03
1632286200.0,27.04
1632286500.0,27.04
1632286800.0,27.03
1632287100.0,27.04
1632287400.0,27.04
1632287700.0,27.06
1632288000.0,27.06
1632288300.0,27.05
1632288600.0,27.06
1632288900.0,27.03
1632289200.0,27.04
1632289500.0,27.03
1632289800.0,27.03
1632290100.0,27.04
1632290400.0,27.04
1632290700.0,27.04
1632291000.0,27.03
1632291300.0,27.02
1632291600.0,27.01
1632291900.0,27.02
1632292200.0,27.02
1632292500.0,27.02
1632292800.0,27.02
1632293100.0,27.04
1632293400.0,27.04
1632293700.0,27.02
1632294000.0,27.04
1632294300.0,27.04
1632294600.0,27.04
1632294900.0,27.04
1632295200.0,27.04
1632295500.0,27.05
1632295800.0,27.05
1632296100.0,27.04
1632296400.0,27.04
1632296700.0,27.04
1632297000.0,27.03
1632297300.0,27.02
1632297600.0,27.03
1632297900.0,27.03
1632298200.0,27.04
1632298500.0,27.03
1632298800.0,27.04
1632299100.0,27.04
1632299400.0,27.04
1632299700.0,27.05
1632300000.0,27.05
1632300300.0,27.05
1632300600.0,27.05
1632300900.0,27.05
1632301200.0,27.05
1632301500.0,27.05
1632301800.0,27.05
1632302100.0,27.05
1632302400.0,27.05
1632302700.0,27.05
1632303000.0,27.05
1632303300.0,27.05
1632303600.0,27.05
1632303900.0,27.05
1632304200.0,27.05
1632304500.0,27.05
1632304800.0,27.04
1632305100.0,27.05
1632305400.0,27.05
1632305700.0,27.05
1632306000.0,27.04
1632306300.0,27.04
1632306600.0,27.03
1632306900.0,27.03
1632307200.0,27.03
1632307500.0,27.03
1632307800.0,27.03
1632308100.0,27.03
1632308400.0,27.03
1632308700.0,27.03
1632309000.0,27.03
1632309300.0,27.02
1632309600.0,27.03
1632309900.0,27.03
1632310200.0,27.03
1632310500.0,27.02
1632310800.0,27.03
1632311100.0,27.03
1632311400.0,27.03
1632311700.0,27.02
1632312000.0,26.97
1632312300.0,26.94
1632312600.0,26.95
1632312900.0,26.95
1632313200.0,26.94
1632313500.0,26.95
1632313800.0,26.95
1632314100.0,26.95
1632314400.0,26.95
1632314700.0,26.95
1632315000.0,26.94
1632315300.0,26.95
1632315600.0,26.95
1632315900.0,26.95
1632316200.0,26.95
1632316500.0,26.94
1632316800.0,26.94
1632317100.0,26.94
1632317400.0,26.94
1632317700.0,26.94
1632318000.0,26.95
1632318300.0,26.95
1632318600.0,26.95
1632318900.0,26.95
1632319200.0,26.96
1632319500.0,26.95
1632319800.0,26.95
1632320100.0,26.95
1632320400.0,26.95
1632320700.0,26.95
1632321000.0,26.96
1632321300.0,26.94
1632321600.0,26.96
1632321900.0,26.96
1632322200.0,26.96
1632322500.0,26.96
1632322800.0,26.96
1632323100.0,26.96
1632323400.0,26.96
1632323700.0,26.96
1632324000.0,26.96
1632324300.0,26.96
1632324600.0,26.96
1632324900.0,26.96
1632325200.0,26.94
1632325500.0,26.94
1632325800.0,26.94
1632326100.0,26.94
1632326400.0,26.94
1632326700.0,26.94
1632327000.0,26.94
1632327300.0,26.93
1632327600.0,26.94
1632327900.0,26.95
1632328200.0,26.95
1632328500.0,26.94
1632328800.0,26.95
1632329100.0,26.95
1632329400.0,26.95
1632329700.0,26.95
1632330000.0,26.95
1632330300.0,26.95
1632330600.0,26.95
1632330900.0,26.95
1632331200.0,26.95
1632331500.0,26.95
1632331800.0,26.95
1632332100.0,26.95
1632332400.0,26.95
1632332700.0,26.95
1632333000.0,26.95
1632333300.0,26.95
1632333600.0,26.95
1632333900.0,26.94
1632334200.0,26.95
1632334500.0,26.95
1632334800.0,26.95
1632335100.0,26.95
1632335400.0,26.95
1632335700.0,26.95
1632336000.0,26.95
1632336300.0,26.95
1632336600.0,26.95
1632336900.0,26.95
1632337200.0,26.95
1632337500.0,26.95
1632337800.0,26.95
1632338100.0,26.95
1632338400.0,26.95
1632338700.0,26.95
1632339000.0,26.95
1632339300.0,26.95
1632339600.0,26.95
1632339900.0,26.95
1632340200.0,26.95
1632340500.0,26.95
1632340800.0,26.95
1632341100.0,26.95
1632341400.0,26.95
1632341700.0,26.95
1632342000.0,26.95
1632342300.0,26.95
1632342600.0,26.95
1632342900.0,26.95
1632343200.0,26.95
1632343500.0,26.95
1632343800.0,26.95
1632344100.0,26.95
1632344400.0,26.95
1632344700.0,26.95
1632345000.0,26.95
1632345300.0,26.95
1632345600.0,26.95
1632345900.0,26.95
1632346200.0,26.95
1632346500.0,26.94
1632346800.0,26.95
1632347100.0,26.95
1632347400.0,26.95
1632347700.0,26.95
1632348000.0,26.96
1632348300.0,26.97
1632348600.0,26.95
1632348900.0,26.95
1632349200.0,26.95
1632349500.0,26.95
1632349800.0,26.95
1632350100.0,26.95
1632350400.0,26.95
1632350700.0,26.95
1632351000.0,26.95
1632351300.0,26.95
1632351600.0,26.95
1632351900.0,26.95
1632352200.0,26.95
1632352500.0,26.95
1632352800.0,26.95
1632353100.0,26.95
1632353400.0,26.95
1632353700.0,26.95
1632354000.0,26.95
1632354300.0,26.94
1632354600.0,26.95
1632354900.0,26.95
1632355200.0,26.94
1632355500.0,26.95
1632355800.0,26.95
1632356100.0,26.95
1632356400.0,26.95
1632356700.0,26.95
1632357000.0,26.94
1632357300.0,26.94
1632357600.0,26.95
1632357900.0,26.94
1632358200.0,26.95
1632358500.0,26.94
1632358800.0,26.95
1632359100.0,26.95
1632359400.0,26.95
1632359700.0,26.95
1632359700.0,26.95
1632360000.0,26.94
1632360300.0,26.94
1632360600.0,26.93
1632360900.0,26.93
1632361200.0,26.95
1632361500.0,26.95
1632361800.0,26.94
1632362100.0,26.94
1632362400.0,26.94
1632362700.0,26.95
1632363000.0,26.94
1632363300.0,26.95
1632363600.0,26.95
1632363900.0,26.95
1632364200.0,26.95
1632364500.0,26.94
1632364800.0,26.95
1632365100.0,26.95
1632365400.0,26.95
1632365700.0,26.95
1632366000.0,26.94
1632366300.0,26.95
1632366600.0,26.95
1632366900.0,26.94
1632367200.0,26.94
1632367500.0,26.94
1632367800.0,26.93
1632368100.0,26.95
1632368400.0,26.95
1632368700.0,26.95
1632369000.0,26.95
1632369300.0,26.95
1632369600.0,26.95
1632369900.0,26.94
1632370200.0,26.95
1632370500.0,26.95
1632370800.0,26.95
1632371100.0,26.95
1632371400.0,26.94
1632371700.0,26.95
1632372000.0,26.95
1632372300.0,26.94
1632372600.0,26.94
1632372900.0,26.95
1632373200.0,26.95
1632373500.0,26.95
1632373800.0,26.95
1632374100.0,26.95
1632374400.0,26.95
1632374700.0,26.95
1632375000.0,26.95
1632375300.0,26.94
1632375600.0,26.95
1632375900.0,26.96
1632376200.0,26.96
1632376500.0,26.96
1632376800.0,26.97
1632377100.0,26.97
1632377400.0,26.99
1632377700.0,26.99
1632378000.0,27.0
1632378300.0,27.01
1632378600.0,27.02
1632378900.0,27.01
1632379200.0,27.03
1632379500.0,27.03
1632379800.0,27.02
1632380100.0,27.03
1632380400.0,27.01
1632380700.0,27.02
1632381000.0,27.02
1632381300.0,27.03
1632381600.0,27.03
1632381900.0,27.03
1632382200.0,27.03
1632382500.0,27.02
1632382800.0,27.03
1632383100.0,27.02
1632383400.0,27.02
1632383700.0,26.99
1632384000.0,26.99
1632384300.0,26.99
1632384600.0,26.99
1632384900.0,26.99
1632385200.0,26.99
1632385500.0,26.98
1632385800.0,26.99
1632386100.0,26.99
1632386400.0,26.98
1632386700.0,26.98
1632387000.0,26.99
1632387300.0,26.99
1632387600.0,26.99
1632387900.0,27.02
1632388200.0,27.03
1632388500.0,27.02
1632388800.0,27.02
1632389100.0,27.03
1632389400.0,27.03
1632389700.0,27.01
1632390000.0,27.01
1632390300.0,27.01
1632390600.0,26.99
1632390900.0,26.99
1632391200.0,26.99
1632391500.0,27.0
1632391800.0,27.0
1632392100.0,27.0
1632392400.0,27.0
1632392700.0,27.0
1632393000.0,27.0
1632393300.0,27.0
1632393600.0,27.0
1632393900.0,27.0
1632394200.0,26.99
1632394500.0,26.99
1632394800.0,27.01
1632395100.0,27.03
1632395400.0,27.03
1632395700.0,27.04
1632396000.0,27.04
1632396300.0,27.04
1632396600.0,27.04
1632396900.0,27.01
1632397200.0,26.99
1632397500.0,26.97
1632397800.0,26.96
1632398100.0,26.96
1632398400.0,26.97
1632398700.0,26.97
1632399000.0,26.96
1632399300.0,26.95
1632399600.0,26.95
1632399900.0,26.95
1632400200.0,26.95
1632400500.0,26.95
1632400800.0,26.95
1632401100.0,26.94
1632401400.0,26.95
1632401700.0,26.95
1632402000.0,26.95
1632402300.0,26.95
1632402600.0,26.95
1632402900.0,26.95
1632403200.0,26.95
1632403500.0,26.95
1632403800.0,26.95
1632404100.0,26.95
1632404400.0,26.95
1632404700.0,26.95
1632405000.0,26.94
1632405300.0,26.95
1632405600.0,26.95
1632405900.0,26.95
1632406200.0,26.94
1632406500.0,26.95
1632406800.0,26.95
1632407100.0,26.95
1632407400.0,26.95
1632407700.0,26.95
1632408000.0,26.95
1632408300.0,26.95
1632408600.0,26.95
1632408900.0,26.95
1632409200.0,26.95
1632409500.0,26.95
1632409800.0,26.95
1632410100.0,26.95
1632410400.0,26.95
1632410700.0,26.94
1632411000.0,26.95
1632411300.0,26.95
1632411600.0,26.95
1632411900.0,26.95
1632412200.0,26.94
1632412500.0,26.95
1632412800.0,26.94
1632413100.0,26.94
1632413400.0,26.91
1632413700.0,26.92
1632414000.0,26.92
1632414300.0,26.92
1632414600.0,26.92
1632414900.0,26.92
1632415200.0,26.92
1632415500.0,26.92
1632415800.0,26.92
1632416100.0,26.92
1632416400.0,26.94
1632416700.0,26.92
1632417000.0,26.92
1632417300.0,26.92
1632417600.0,26.92
1632417900.0,26.92
1632418200.0,26.92
1632418500.0,26.95
1632418800.0,26.92
1632419100.0,26.95
1632419400.0,26.93
1632419700.0,26.94
1632420000.0,26.94
1632420300.0,26.93
1632420600.0,26.94
1632420900.0,26.94
1632421200.0,26.94
1632421500.0,26.94
1632421800.0,26.94
1632422100.0,26.94
1632422400.0,26.94
1632422700.0,26.93
1632423000.0,26.93
1632423300.0,26.93
1632423600.0,26.93
1632423900.0,26.93
1632424200.0,26.93
1632424500.0,26.93
1632424800.0,26.93
1632425100.0,26.93
1632425400.0,26.93
1632425700.0,26.93
1632426000.0,26.93
1632426300.0,26.94
1632426600.0,26.94
1632426900.0,26.94
1632427200.0,26.94
1632427500.0,26.94
1632427800.0,26.94
1632428100.0,26.95
1632428400.0,26.96
1632428700.0,26.96
1632429000.0,26.96
1632429300.0,26.96
1632429600.0,26.96
1632429900.0,26.96
1632430200.0,26.96
1632430500.0,26.96
1632430800.0,26.95
1632431100.0,26.95
1632431400.0,26.95
1632431700.0,26.95
1632432000.0,26.95
1632432300.0,26.95
1632432600.0,26.96
1632432900.0,26.96
1632433200.0,26.96
1632433500.0,26.96
1632433800.0,26.95
1632434100.0,26.95
1632434400.0,26.96
1632434700.0,26.94
1632435000.0,26.94
1632435300.0,26.94
1632435600.0,26.94
1632435900.0,26.94
1632436200.0,26.94
1632436500.0,26.94
1632436800.0,26.93
1632437100.0,26.94
1632437400.0,26.94
1632437700.0,26.94
1632438000.0,26.94
1632438300.0,26.94
1632438600.0,26.94
1632438900.0,26.94
1632439200.0,26.94
1632439500.0,26.94
1632439800.0,26.94
1632440100.0,26.94
1632440400.0,26.94
1632440700.0,26.94
1632441000.0,26.94
1632441300.0,26.94
1632441600.0,26.94
1632441900.0,26.94
1632442200.0,26.94
1632442500.0,26.94
1632442800.0,26.94
1632443100.0,26.94
1632443400.0,26.94
1632443700.0,26.94
1632444000.0,26.93
1632444300.0,26.94
1632444600.0,26.94
1632444900.0,26.94
1632445200.0,26.94
1632445500.0,26.94
1632445800.0,26.92
1632446100.0,26.92
1632446400.0,26.92
1632446700.0,26.94
1632447000.0,26.94
1632447300.0,26.94
1632447600.0,26.94
1632447900.0,26.94
1632448200.0,26.94
1632448500.0,26.94
1632448800.0,26.94
1632449100.0,26.94
1632449400.0,26.94
1632449700.0,26.94
1632450000.0,26.94
1632450300.0,26.94
1632450600.0,26.94
1632450900.0,26.94
1632451200.0,26.94
1632451500.0,26.92
1632451800.0,26.92
1632452100.0,26.92
1632452400.0,26.92
1632452700.0,26.91
1632453000.0,26.92
1632453300.0,26.92
1632453600.0,26.92
1632453900.0,26.92
1632454200.0,26.92
1632454500.0,26.92
1632454800.0,26.92
1632455100.0,26.92
1632455400.0,26.92
1632455700.0,26.92
1632456000.0,26.92
1632456300.0,26.92
1632456600.0,26.92
1632456900.0,26.92
1632457200.0,26.92
1632457500.0,26.92
1632457800.0,26.92
1632458100.0,26.92
1632458400.0,26.92
1632458700.0,26.92
1632459000.0,26.95
1632459300.0,26.95
1632459600.0,26.95
1632459900.0,26.95
1632460200.0,26.95
1632460500.0,26.95
1632460800.0,26.95
1632461100.0,26.95
1632461400.0,26.95
1632461700.0,26.94
1632462000.0,26.95
1632462300.0,26.93
1632462600.0,26.93
1632462900.0,26.95
1632463200.0,26.95
1632463500.0,26.95
1632463800.0,26.95
1632464100.0,26.95
1632464400.0,26.94
1632464700.0,26.95
1632465000.0,26.94
1632465300.0,26.92
1632465600.0,26.94
1632465900.0,26.92
1632466200.0,26.94
1632466500.0,26.94
1632466800.0,26.94
1632467100.0,26.94
1632467400.0,26.94
1632467700.0,26.94
1632468000.0,26.94
1632468300.0,26.94
1632468600.0,26.94
1632468900.0,26.94
1632469200.0,26.94
1632469500.0,26.94
1632469800.0,26.94
1632470100.0,26.94
1632470400.0,26.94
1632470700.0,26.94
1632471000.0,26.94
1632471300.0,26.94
1632471600.0,26.94
1632471900.0,26.94
1632472200.0,26.94
1632472500.0,26.94
1632472800.0,26.94
1632473100.0,26.94
1632473400.0,26.94
1632473700.0,26.94
1632474000.0,26.94
1632474300.0,26.94
1632474600.0,26.93
1632474900.0,26.94
1632475200.0,26.93
1632475500.0,26.94
1632475800.0,26.94
1632476100.0,26.94
1632476400.0,26.94
1632476700.0,26.94
1632477000.0,26.93
1632477300.0,26.94
1632477600.0,26.94
1632477900.0,26.94
1632478200.0,26.93
1632478500.0,26.94
1632478800.0,26.94
1632479100.0,26.94
1632479400.0,26.93
1632479700.0,26.93
1632480000.0,26.95
1632480300.0,26.96
1632480600.0,26.99
1632480900.0,26.96
1632481200.0,26.95
1632481500.0,26.96
1632481800.0,26.96
1632482100.0,26.96
1632482400.0,26.97
1632482700.0,26.97
1632483000.0,26.97
1632483300.0,27.0
1632483600.0,27.02
1632483900.0,27.02
1632484200.0,27.0
1632484500.0,27.04
1632484800.0,27.05
1632485100.0,27.05
1632485400.0,27.05
1632485700.0,27.05
1632486000.0,27.05
1632486300.0,27.03
1632486600.0,27.05
1632486900.0,27.05
1632487200.0,27.04
1632487500.0,27.05
1632487800.0,27.05
1632488100.0,27.05
1632488400.0,27.05
1632488700.0,27.06
1632489000.0,27.06
1632489300.0,27.06
1632489600.0,27.06
1632489900.0,27.05
1632490200.0,27.06
1632490500.0,27.07
1632490800.0,27.06
1632491100.0,27.07
1632491400.0,27.06
1632491700.0,27.07
1632492000.0,27.05
1632492300.0,27.01
1632492600.0,27.01
1632492900.0,27.01
1632493200.0,27.01
1632493500.0,27.01
1632493800.0,27.01
1632494100.0,27.0
1632494400.0,27.01
1632494700.0,27.01
1632495000.0,27.01
1632495300.0,27.01
1632495600.0,27.01
1632495900.0,27.01
1632496200.0,27.04
1632496500.0,27.04
1632496800.0,27.03
1632497100.0,27.03
1632497400.0,27.04
1632497700.0,27.04
1632498000.0,27.04
1632498300.0,27.03
1632498600.0,27.04
1632498900.0,27.04
1632499200.0,27.02
1632499500.0,27.02
1632499800.0,27.02
1632500100.0,27.02
1632500400.0,27.03
1632500700.0,27.04
1632501000.0,27.03
1632501300.0,27.04
1632501600.0,27.03
1632501900.0,27.03
1632502200.0,27.02
1632502500.0,27.02
1632502800.0,27.04
1632503100.0,27.01
1632503400.0,27.04
1632503700.0,27.04
1632504000.0,27.02
1632504300.0,27.04
1632504600.0,27.03
1632504900.0,27.05
1632505200.0,27.04
1632505500.0,27.04
1632505800.0,27.04
1632506100.0,27.04
1632506400.0,27.04
1632506700.0,27.04
1632507000.0,27.01
1632507300.0,27.01
1632507600.0,27.04
1632507900.0,27.05
1632508200.0,27.04
1632508500.0,27.05
1632508800.0,27.05
1632509100.0,27.02
1632509400.0,27.04
1632509400.0,27.04
1632509700.0,27.04
1632510000.0,27.05
1632510300.0,27.04
1632510600.0,27.04
1632510900.0,27.05
1632511200.0,27.05
1632511500.0,27.04
1632511800.0,27.03
1632512100.0,27.03
1632512400.0,27.02
1632512700.0,27.03
1632513000.0,27.03
1632513300.0,27.03
1632513600.0,27.01
1632513900.0,27.01
1632514200.0,27.01
1632514500.0,27.01
1632514800.0,27.0
1632515100.0,27.01
1632515400.0,27.01
1632515700.0,27.01
1632516000.0,27.01
1632516300.0,27.01
1632516600.0,27.01
1632516900.0,27.03
1632517200.0,27.01
1632517500.0,27.04
1632517800.0,27.02
1632518100.0,27.04
1632518400.0,27.04
1632518700.0,27.03
1632519000.0,27.02
1632519300.0,27.01
1632519600.0,27.01
1632519900.0,27.02
1632520200.0,27.01
1632520500.0,27.0
1632520800.0,27.02
1632521100.0,27.06
1632521400.0,27.07
1632521700.0,27.06
1632522000.0,27.05
1632522300.0,26.95
1632522600.0,27.03
1632522900.0,27.04
1632523200.0,27.03
1632523500.0,27.04
1632523800.0,27.02
1632524100.0,27.02
1632524400.0,27.02
1632524700.0,27.02
1632525000.0,27.02
1632525300.0,27.02
1632525600.0,27.02
1632525900.0,27.02
1632526200.0,27.02
1632526500.0,27.02
1632526800.0,27.02
1632527100.0,27.02
1632527400.0,27.02
1632527700.0,27.02
1632528000.0,27.01
1632528300.0,27.02
1632528600.0,27.02
1632528900.0,27.02
1632529200.0,27.01
1632529500.0,27.02
1632529800.0,27.0
1632530100.0,26.96
1632530400.0,26.96
1632530700.0,26.93
1632531000.0,26.93
1632531300.0,26.93
1632531600.0,26.93
1632531900.0,26.93
1632532200.0,26.93
1632532500.0,26.93
1632532800.0,26.93
1632533100.0,26.93
1632533400.0,26.93
1632533700.0,26.93
1632534000.0,26.93
1632534300.0,26.93
1632534600.0,26.93
1632534900.0,26.93
1632535200.0,26.93
1632535500.0,26.93
1632535800.0,26.93
1632536100.0,26.93
1632536400.0,26.93
1632536700.0,26.93
1632537000.0,26.93
1632537300.0,26.93
1632537600.0,26.95
1632537900.0,26.96
1632538200.0,26.96
1632538500.0,26.97
1632538800.0,26.97
1632539100.0,26.97
1632539400.0,26.97
1632539700.0,26.97
1632540000.0,26.97
1632540300.0,26.98
1632540600.0,27.0
1632540900.0,27.0
1632541200.0,27.01
1632541500.0,27.01
1632541800.0,27.01
1632542100.0,27.01
1632542400.0,27.01
1632542700.0,27.01
1632543000.0,27.01
1632543300.0,27.01
1632543600.0,27.01
1632543900.0,27.03
1632544200.0,27.02
1632544500.0,26.98
1632544800.0,27.02
1632545100.0,26.99
1632545400.0,26.99
1632545700.0,27.02
1632546000.0,27.01
1632546300.0,27.02
1632546600.0,27.0
1632546900.0,27.0
1632547200.0,26.99
1632547500.0,26.98
1632547800.0,26.98
1632548100.0,26.98
1632548400.0,26.98
1632548700.0,26.99
1632549000.0,27.0
1632549300.0,27.0
1632549600.0,27.0
1632549900.0,27.02
1632550200.0,27.02
1632550500.0,27.0
1632550800.0,27.01
1632551100.0,27.03
1632551400.0,27.03
1632551700.0,27.03
1632552000.0,27.03
1632552300.0,27.03
1632552600.0,27.03
1632552900.0,27.03
1632553200.0,27.04
1632553500.0,27.04
1632553800.0,27.04
1632554100.0,27.04
1632554400.0,27.04
1632554700.0,27.04
1632555000.0,27.04
1632555300.0,27.04
1632555600.0,27.02
1632555900.0,27.01
1632556200.0,27.01
1632556500.0,27.02
1632556800.0,27.02
1632557100.0,27.04
1632557400.0,27.04
1632557700.0,27.02
1632558000.0,27.02
1632558300.0,27.02
1632558600.0,27.02
1632558900.0,27.02
1632559200.0,27.02
1632559500.0,27.02
1632559800.0,27.02
1632560100.0,26.99
1632560400.0,26.98
1632560700.0,26.98
1632561000.0,27.0
1632561300.0,27.02
1632561600.0,27.04
1632561900.0,27.04
1632562200.0,27.04
1632562500.0,27.02
1632562800.0,27.02
1632563100.0,27.0
1632563400.0,27.02
1632563700.0,27.02
1632564000.0,27.04
1632564300.0,27.03
1632564600.0,27.03
1632564900.0,27.02
1632565200.0,27.03
1632565500.0,27.03
1632565800.0,27.04
1632566100.0,27.04
1632566400.0,27.04
1632566700.0,27.04
1632567000.0,27.04
1632567300.0,27.04
1632567600.0,27.04
1632567900.0,27.04
1632568200.0,27.04
1632568500.0,27.02
1632568800.0,27.02
1632569100.0,27.02
1632569400.0,27.02
1632569700.0,27.02
1632570000.0,27.02
1632570300.0,27.03
1632570600.0,27.03
1632570900.0,27.03
1632571200.0,27.02
1632571500.0,27.03
1632571800.0,27.03
1632572100.0,27.03
1632572400.0,27.02
1632572700.0,27.03
1632573000.0,27.03
1632573300.0,27.03
1632573600.0,27.03
1632573900.0,27.03
1632574200.0,27.03
1632574500.0,27.03
1632574800.0,27.03
1632575100.0,27.03
1632575400.0,27.02
1632575700.0,27.03
1632576000.0,27.03
1632576300.0,27.03
1632576600.0,27.03
1632576900.0,27.03
1632577200.0,27.03
1632577500.0,27.03
1632577800.0,27.03
1632578100.0,27.03
1632578400.0,27.03
1632578700.0,27.03
1632579000.0,27.03
1632579300.0,27.03
1632579600.0,27.03
1632579900.0,27.02
1632580200.0,27.03
1632580500.0,27.03
1632580800.0,27.04
1632581100.0,27.04
1632581400.0,27.03
1632581700.0,27.04
1632582000.0,27.04
1632582300.0,27.04
1632582600.0,27.04
1632582900.0,27.04
1632583200.0,27.03
1632583500.0,27.04
1632583800.0,27.02
1632584100.0,27.02
1632584400.0,27.02
1632584700.0,27.02
1632585000.0,27.02
1632585300.0,27.02
1632585600.0,27.04
1632585900.0,27.04
1632586200.0,27.04
1632586500.0,27.04
1632586800.0,27.04
1632587100.0,27.04
1632587400.0,27.03
1632587700.0,27.03
1632588000.0,27.02
1632588300.0,27.02
1632588600.0,27.02
1632588900.0,27.02
1632589200.0,27.02
1632589500.0,27.02
1632589800.0,27.01
1632590100.0,27.02
1632590400.0,27.02
1632590700.0,27.02
1632591000.0,27.02
1632591300.0,27.02
1632591600.0,27.02
1632591900.0,27.02
1632592200.0,27.02
1632592500.0,27.02
1632592800.0,27.02
1632593100.0,27.02
1632593400.0,27.02
1632593700.0,27.02
1632594000.0,27.02
1632594300.0,27.02
1632594600.0,27.02
1632594900.0,27.02
1632595200.0,27.02
1632595500.0,27.02
1632595800.0,27.01
1632596100.0,27.02
1632596400.0,27.02
1632596700.0,27.02
1632597000.0,27.02
1632597300.0,27.02
1632597600.0,27.02
1632597900.0,27.02
1632598200.0,27.02
1632598500.0,27.02
1632598800.0,27.01
1632599100.0,27.02
1632599400.0,27.02
1632599700.0,27.01
1632600000.0,27.01
1632600300.0,27.0
1632600600.0,27.0
1632600900.0,27.01
1632601200.0,27.01
1632601500.0,27.01
1632601800.0,27.01
1632602100.0,27.01
1632602400.0,27.01
1632602700.0,27.01
1632603000.0,27.01
1632603300.0,27.01
1632603600.0,27.01
1632603900.0,27.0
1632604200.0,26.99
1632604500.0,26.99
1632604800.0,26.99
1632605100.0,27.0
1632605400.0,27.0
1632605700.0,27.01
1632606000.0,26.99
1632606300.0,27.01
1632606600.0,27.01
1632606900.0,27.01
1632607200.0,27.01
1632607500.0,27.02
1632607800.0,27.02
1632608100.0,27.01
1632608400.0,27.01
1632608700.0,27.02
1632609000.0,27.02
1632609300.0,27.02
1632609600.0,27.02
1632609900.0,27.02
1632610200.0,27.01
1632610500.0,27.01
1632610800.0,27.01
1632611100.0,27.01
1632611400.0,27.01
1632611700.0,27.02
1632612000.0,27.02
1632612300.0,27.01
1632612600.0,27.01
1632612900.0,27.01
1632613200.0,27.02
1632613500.0,27.02
1632613800.0,27.02
1632614100.0,27.02
1632614400.0,27.02
1632614700.0,27.02
1632615000.0,27.02
1632615300.0,27.02
1632615600.0,27.02
1632615900.0,27.02
1632616200.0,27.02
1632616500.0,27.0
1632616800.0,27.0
1632617100.0,27.0
1632617400.0,26.99
1632617700.0,26.99
1632618000.0,27.0
1632618300.0,27.0
1632618600.0,27.0
1632618900.0,27.0
1632619200.0,27.0
1632619500.0,27.0
1632619800.0,27.0
1632620100.0,27.0
1632620400.0,27.0
1632620700.0,27.0
1632621000.0,27.0
1632621300.0,27.0
1632621600.0,27.0
1632621900.0,27.0
1632622200.0,27.0
1632622500.0,27.0
1632622800.0,26.99
1632623100.0,26.99
1632623400.0,26.99
1632623700.0,26.99
1632624000.0,26.99
1632624300.0,26.99
1632624600.0,26.99
1632624900.0,27.0
1632625200.0,27.0
1632625500.0,27.0
1632625800.0,27.0
1632626100.0,27.0
1632626400.0,27.0
1632626700.0,27.0
1632627000.0,26.99
1632627300.0,26.99
1632627600.0,26.99
1632627900.0,26.99
1632628200.0,27.0
1632628500.0,27.0
1632628800.0,27.0
1632629100.0,27.0
1632629400.0,27.0
1632629700.0,27.0
1632630000.0,26.99
1632630300.0,27.0
1632630600.0,27.0
1632630900.0,27.0
1632631200.0,27.0
1632631500.0,27.0
1632631800.0,27.0
1632632100.0,27.0
1632632400.0,27.0
1632632700.0,26.99
1632633000.0,26.99
1632633300.0,27.0
1632633600.0,27.0
1632633900.0,27.0
1632634200.0,27.0
1632634500.0,27.0
1632634800.0,27.0
1632635100.0,27.0
1632635400.0,27.0
1632635700.0,27.0
1632636000.0,27.0
1632636300.0,27.0
1632636600.0,26.99
1632636900.0,27.0
1632637200.0,27.0
1632637500.0,26.99
1632637800.0,27.0
1632638100.0,27.0
1632638400.0,27.0
1632638700.0,27.0
1632639000.0,27.01
1632639300.0,27.01
1632639600.0,27.01
1632639900.0,27.02
1632640200.0,27.02
1632640500.0,27.02
1632640800.0,27.01
1632641100.0,27.02
1632641400.0,27.02
1632641700.0,27.02
1632642000.0,27.01
1632642300.0,27.01
1632642600.0,27.02
1632642900.0,27.02
1632643200.0,27.01
1632643500.0,27.02
1632643800.0,27.02
1632644100.0,27.02
1632644400.0,27.03
1632644700.0,27.03
1632645000.0,27.03
1632645300.0,27.03
1632645600.0,27.03
1632645900.0,27.03
1632646200.0,27.02
1632646500.0,27.03
1632646800.0,27.03
1632647100.0,27.03
1632647400.0,27.03
1632647700.0,27.03
1632648000.0,27.02
1632648300.0,27.03
1632648600.0,27.03
1632648900.0,27.04
1632649200.0,27.05
1632649500.0,27.05
1632649800.0,27.02
1632650100.0,27.03
1632650400.0,27.02
1632650700.0,27.04
1632651000.0,27.03
1632651300.0,27.04
1632651600.0,27.05
1632651900.0,27.04
1632652200.0,27.05
1632652500.0,27.05
1632652800.0,27.05
1632653100.0,27.05
1632653400.0,27.05
1632653700.0,27.05
1632654000.0,27.04
1632654300.0,27.05
1632654600.0,27.05
1632654900.0,27.05
1632655200.0,27.05
1632655500.0,27.05
1632655800.0,27.05
1632656100.0,27.05
1632656400.0,27.04
1632656700.0,27.03
1632657000.0,27.03
1632657300.0,27.03
1632657600.0,27.03
1632657900.0,27.03
1632658200.0,27.02
1632658500.0,27.03
1632658800.0,27.03
1632659100.0,27.02
1632659100.0,27.02
1632659400.0,27.02
1632659700.0,27.02
1632660000.0,27.02
1632660300.0,27.02
1632660600.0,27.02
1632660900.0,27.02
1632661200.0,27.0
1632661500.0,27.0
1632661800.0,27.0
1632662100.0,27.0
1632662400.0,27.0
1632662700.0,27.0
1632663000.0,27.0
1632663300.0,27.0
1632663600.0,27.02
1632663900.0,27.02
1632664200.0,27.02
1632664500.0,27.01
1632664800.0,27.01
1632665100.0,27.01
1632665400.0,27.01
1632665700.0,27.02
1632666000.0,27.01
1632666300.0,27.02
1632666600.0,27.02
1632666900.0,27.02
1632667200.0,27.02
1632667500.0,27.01
1632667800.0,27.02
1632668100.0,27.02
1632668400.0,27.02
1632668700.0,27.02
1632669000.0,27.02
1632669300.0,27.02
1632669600.0,27.02
1632669900.0,27.02
1632670200.0,27.02
1632670500.0,27.01
1632670800.0,27.02
1632671100.0,27.02
1632671400.0,27.02
1632671700.0,27.02
1632672000.0,27.02
1632672300.0,27.02
1632672600.0,27.02
1632672900.0,27.02
1632673200.0,27.02
1632673500.0,27.02
1632673800.0,27.02
1632674100.0,27.01
1632674400.0,27.0
1632674700.0,27.01
1632675000.0,27.01
1632675300.0,27.01
1632675600.0,27.01
1632675900.0,27.0
1632676200.0,27.01
1632676500.0,27.02
1632676800.0,27.02
1632677100.0,27.02
1632677400.0,27.02
1632677700.0,27.02
1632678000.0,27.02
1632678300.0,27.02
1632678600.0,27.02
1632678900.0,27.02
1632679200.0,27.02
1632679500.0,27.01
1632679800.0,27.02
1632680100.0,27.01
1632680400.0,27.02
1632680700.0,27.02
1632681000.0,27.02
1632681300.0,27.04
1632681600.0,27.04
1632681900.0,27.04
1632682200.0,27.03
1632682500.0,27.04
1632682800.0,27.03
1632683100.0,27.03
1632683400.0,27.03
1632683700.0,27.03
1632684000.0,27.03
1632684300.0,27.03
1632684600.0,27.03
1632684900.0,27.03
1632685200.0,27.03
1632685500.0,27.03
1632685800.0,27.02
1632686100.0,27.03
1632686400.0,27.03
1632686700.0,27.03
1632687000.0,27.03
1632687300.0,27.03
1632687600.0,27.03
1632687900.0,27.03
1632688200.0,27.03
1632688500.0,27.02
1632688800.0,27.02
1632689100.0,27.02
1632689400.0,27.01
1632689700.0,27.01
1632690000.0,27.01
1632690300.0,27.01
1632690600.0,27.01
1632690900.0,27.01
1632691200.0,27.01
1632691500.0,27.01
1632691800.0,26.95
1632692100.0,26.84
1632692400.0,26.84
1632692700.0,26.88
1632693000.0,26.95
1632693300.0,26.93
1632693600.0,26.94
1632693900.0,26.94
1632694200.0,26.94
1632694500.0,26.9
1632694800.0,26.93
1632695100.0,26.93
1632695400.0,26.93
1632695700.0,26.93
1632696000.0,26.91
1632696300.0,26.9
1632696600.0,26.89
1632696900.0,26.9
1632697200.0,26.9
1632697500.0,26.89
1632697800.0,26.9
1632698100.0,26.9
1632698400.0,26.9
1632698700.0,26.9
1632699000.0,26.9
1632699300.0,26.9
1632699600.0,26.94
1632699900.0,26.94
1632700200.0,26.89
1632700500.0,26.89
1632700800.0,26.9
1632701100.0,26.9
1632701400.0,26.9
1632701700.0,26.9
1632702000.0,26.9
1632702300.0,26.9
1632702600.0,26.89
1632702900.0,26.87
1632703200.0,26.87
1632703500.0,26.87
1632703800.0,26.87
1632704100.0,26.89
1632704400.0,26.89
1632704700.0,26.88
1632705000.0,26.89
1632705300.0,26.89
1632705600.0,26.89
1632705900.0,26.89
1632706200.0,26.89
1632706500.0,26.89
1632706800.0,26.91
1632707100.0,26.91
1632707400.0,26.91
1632707700.0,26.91
1632708000.0,26.91
1632708300.0,26.91
1632708600.0,26.91
1632708900.0,26.93
1632709200.0,26.94
1632709500.0,26.93
1632709800.0,26.94
1632710100.0,26.94
1632710400.0,26.94
1632710700.0,26.92
1632711000.0,26.94
1632711300.0,26.95
1632711600.0,26.95
1632711900.0,26.95
1632712200.0,26.95
1632712500.0,26.95
1632712800.0,26.96
1632713100.0,26.96
1632713400.0,26.96
1632713700.0,26.96
1632714000.0,26.94
1632714300.0,26.95
1632714600.0,26.98
1632714900.0,26.95
1632715200.0,26.99
1632715500.0,26.96
1632715800.0,26.99
1632716100.0,26.96
1632716400.0,26.96
1632716700.0,26.98
1632717000.0,26.98
1632717300.0,26.99
1632717600.0,26.99
1632717900.0,27.01
1632718200.0,27.01
1632718500.0,27.01
1632718800.0,27.01
1632719100.0,27.01
1632719400.0,27.01
1632719700.0,27.01
1632720000.0,27.0
1632720300.0,27.01
1632720600.0,27.0
1632720900.0,27.0
1632721200.0,27.0
1632721500.0,27.01
1632721800.0,27.01
1632722100.0,27.01
1632722400.0,27.0
1632722700.0,27.0
1632723000.0,27.0
1632723300.0,26.96
1632723600.0,26.93
1632723900.0,26.93
1632724200.0,26.96
1632724500.0,26.97
1632724800.0,26.95
1632725100.0,26.97
1632725400.0,26.97
1632725700.0,26.96
1632726000.0,26.99
1632726300.0,26.97
1632726600.0,26.97
1632726900.0,26.96
1632727200.0,26.97
1632727500.0,26.97
1632727800.0,26.96
1632728100.0,26.95
1632728400.0,26.95
1632728700.0,26.95
1632729000.0,26.96
1632729300.0,26.95
1632729600.0,26.96
1632729900.0,26.97
1632730200.0,26.96
1632730500.0,26.97
1632730800.0,26.97
1632731100.0,26.96
1632731400.0,26.97
1632731700.0,26.95
1632732000.0,26.94
1632732300.0,26.95
1632732600.0,26.94
1632732900.0,26.95
1632733200.0,26.94
1632733500.0,26.95
1632733800.0,26.95
1632734100.0,26.94
1632734400.0,26.95
1632734700.0,26.96
1632735000.0,26.96
1632735300.0,26.97
1632735600.0,26.97
1632735900.0,26.94
1632736200.0,26.97
1632736500.0,26.96
1632736800.0,26.97
1632737100.0,26.96
1632737400.0,26.96
1632737700.0,26.97
1632738000.0,26.97
1632738300.0,26.97
1632738600.0,26.97
1632738900.0,26.96
1632739200.0,26.96
1632739500.0,26.97
1632739800.0,26.97
1632740100.0,26.97
1632740400.0,26.97
1632740700.0,26.99
1632741000.0,26.99
1632741300.0,26.98
1632741600.0,26.91
1632741900.0,26.8
1632742200.0,26.85
1632742500.0,26.89
1632742800.0,26.86
1632743100.0,26.88
1632743400.0,26.88
1632743700.0,26.88
1632744000.0,26.88
1632744300.0,26.91
1632744600.0,26.9
1632744900.0,26.86
1632745200.0,26.88
1632745500.0,26.91
1632745800.0,26.91
1632746100.0,26.91
1632746400.0,26.89
1632746700.0,26.86
1632747000.0,26.87
1632747300.0,26.87
1632747600.0,26.89
1632747900.0,26.91
1632748200.0,26.91
1632748500.0,26.87
1632748800.0,26.9
1632749100.0,26.88
1632749400.0,26.88
1632749700.0,26.88
1632750000.0,26.91
1632750300.0,26.91
1632750600.0,26.92
1632750900.0,26.89
1632751200.0,26.85
1632751500.0,26.87
1632751800.0,26.88
1632752100.0,26.88
1632752400.0,26.88
1632752700.0,26.88
1632753000.0,26.87
1632753300.0,26.87
1632753600.0,26.88
1632753900.0,26.87
1632754200.0,26.87
1632754500.0,26.81
1632754800.0,26.81
1632755100.0,26.82
1632755400.0,26.84
1632755700.0,26.88
1632756000.0,26.88
1632756300.0,26.89
1632756600.0,26.89
1632756900.0,26.85
1632757200.0,26.85
1632757500.0,26.81
1632757800.0,26.8
1632758100.0,26.79
1632758400.0,26.79
1632758700.0,26.87
1632759000.0,26.88
1632759300.0,26.91
1632759600.0,26.86
1632759900.0,26.85
1632760200.0,26.85
1632760500.0,26.86
1632760800.0,26.81
1632761100.0,26.84
1632761400.0,26.84
1632761700.0,26.83
1632762000.0,26.87
1632762300.0,26.85
1632762600.0,26.86
1632762900.0,26.84
1632763200.0,26.83
1632763500.0,26.83
1632763800.0,26.83
1632764100.0,26.81
1632764400.0,26.83
1632764700.0,26.85
1632765000.0,26.84
1632765300.0,26.85
1632765600.0,26.85
1632765900.0,26.87
1632766200.0,26.88
1632766500.0,26.89
1632766800.0,26.91
1632767100.0,26.9
1632767400.0,26.89
1632767700.0,26.9
1632768000.0,26.9
1632768300.0,26.9
1632768600.0,26.9
1632768900.0,26.89
1632769200.0,26.89
1632769500.0,26.89
1632769800.0,26.89
1632770100.0,26.89
1632770400.0,26.89
1632770700.0,26.89
1632771000.0,26.89
1632771300.0,26.89
1632771600.0,26.89
1632771900.0,26.88
1632772200.0,26.89
1632772500.0,26.89
1632772800.0,26.89
1632773100.0,26.89
1632773400.0,26.89
1632773700.0,26.89
1632774000.0,26.87
1632774300.0,26.88
1632774600.0,26.89
1632774900.0,26.9
1632775200.0,26.89
1632775500.0,26.9
1632775800.0,26.9
1632776100.0,26.9
1632776400.0,26.9
1632776700.0,26.86
1632777000.0,26.87
1632777300.0,26.88
1632777600.0,26.9
1632777900.0,26.9
1632778200.0,26.9
1632778500.0,26.91
1632778800.0,26.9
1632779100.0,26.9
1632779400.0,26.9
1632779700.0,26.9
1632780000.0,26.9
1632780300.0,26.9
1632780600.0,26.9
1632780900.0,26.9
1632781200.0,26.9
1632781500.0,26.89
1632781800.0,26.9
1632782100.0,26.9
1632782400.0,26.9
1632782700.0,26.9
1632783000.0,26.9
1632783300.0,26.87
1632783600.0,26.88
1632783900.0,26.87
1632784200.0,26.88
1632784500.0,26.87
1632784800.0,26.87
1632785100.0,26.87
1632785400.0,26.87
1632785700.0,26.88
1632786000.0,26.87
1632786300.0,26.88
1632786600.0,26.86
1632786900.0,26.86
1632787200.0,26.88
1632787500.0,26.87
1632787800.0,26.88
1632788100.0,26.88
1632788400.0,26.88
1632788700.0,26.88
1632789000.0,26.87
1632789300.0,26.88
1632789600.0,26.88
1632789900.0,26.88
1632790200.0,26.87
1632790500.0,26.87
1632790800.0,26.88
1632791100.0,26.88
1632791400.0,26.88
1632791700.0,26.88
1632792000.0,26.88
1632792300.0,26.89
1632792600.0,26.89
1632792900.0,26.89
1632793200.0,26.89
1632793500.0,26.89
1632793800.0,26.89
1632794100.0,26.89
1632794400.0,26.89
1632794700.0,26.89
1632795000.0,26.89
1632795300.0,26.89
1632795600.0,26.89
1632795900.0,26.89
1632796200.0,26.89
1632796500.0,26.88
1632796800.0,26.89
1632797100.0,26.89
1632797400.0,26.89
1632797700.0,26.89
1632798000.0,26.89
1632798300.0,26.89
1632798600.0,26.89
1632798900.0,26.89
1632799200.0,26.89
1632799500.0,26.89
1632799800.0,26.89
1632800100.0,26.89
1632800400.0,26.88
1632800700.0,26.88
1632801000.0,26.88
1632801300.0,26.88
1632801600.0,26.89
1632801900.0,26.89
1632802200.0,26.89
1632802500.0,26.89
1632802800.0,26.89
1632803100.0,26.89
1632803400.0,26.89
1632803700.0,26.89
1632804000.0,26.88
1632804300.0,26.88
1632804600.0,26.89
1632804900.0,26.89
1632805200.0,26.89
1632805500.0,26.88
1632805800.0,26.89
1632806100.0,26.89
1632806400.0,26.89
1632806700.0,26.88
1632807000.0,26.88
1632807300.0,26.89
1632807600.0,26.88
1632807900.0,26.89
1632808200.0,26.89
1632808500.0,26.89
1632808800.0,26.88
1632808800.0,26.88
1632809100.0,26.89
1632809400.0,26.89
1632809700.0,26.89
1632810000.0,26.89
1632810300.0,26.89
1632810600.0,26.89
1632810900.0,26.88
1632811200.0,26.89
1632811500.0,26.89
1632811800.0,26.89
1632812100.0,26.89
1632812400.0,26.89
1632812700.0,26.89
1632813000.0,26.89
1632813300.0,26.89
1632813600.0,26.89
1632813900.0,26.89
1632814200.0,26.88
1632814500.0,26.9
1632814800.0,26.89
1632815100.0,26.88
1632815400.0,26.89
1632815700.0,26.89
1632816000.0,26.87
1632816300.0,26.86
1632816600.0,26.88
1632816900.0,26.88
1632817200.0,26.87
1632817500.0,26.87
1632817800.0,26.87
1632818100.0,26.85
1632818400.0,26.85
1632818700.0,26.85
1632819000.0,26.86
1632819300.0,26.87
1632819600.0,26.87
1632819900.0,26.87
1632820200.0,26.87
1632820500.0,26.87
1632820800.0,26.89
1632821100.0,26.87
1632821400.0,26.88
1632821700.0,26.89
1632822000.0,26.9
1632822300.0,26.9
1632822600.0,26.9
1632822900.0,26.93
1632823200.0,26.94
1632823500.0,26.94
1632823800.0,26.93
1632824100.0,26.93
1632824400.0,26.93
1632824700.0,26.93
1632825000.0,26.93
1632825300.0,26.95
1632825600.0,26.95
1632825900.0,26.94
1632826200.0,26.95
1632826500.0,26.92
1632826800.0,26.89
1632827100.0,26.89
1632827400.0,26.9
1632827700.0,26.88
1632828000.0,26.9
1632828300.0,26.89
1632828600.0,26.86
1632828900.0,26.86
1632829200.0,26.85
1632829500.0,26.83
1632829800.0,26.89
1632830100.0,26.9
1632830400.0,26.89
1632830700.0,26.9
1632831000.0,26.88
1632831300.0,26.88
1632831600.0,26.88
1632831900.0,26.86
1632832200.0,26.83
1632832500.0,26.86
1632832800.0,26.86
1632833100.0,26.84
1632833400.0,26.88
1632833700.0,26.83
1632834000.0,26.82
1632834300.0,26.8
1632834600.0,26.82
1632834900.0,26.84
1632835200.0,26.85
1632835500.0,26.85
1632835800.0,26.85
1632836100.0,26.85
1632836400.0,26.81
1632836700.0,26.84
1632837000.0,26.84
1632837300.0,26.84
1632837600.0,26.85
1632837900.0,26.86
1632838200.0,26.86
1632838500.0,26.82
1632838800.0,26.81
1632839100.0,26.8
1632839400.0,26.8
1632839700.0,26.83
1632840000.0,26.85
1632840300.0,26.85
1632840600.0,26.83
1632840900.0,26.83
1632841200.0,26.84
1632841500.0,26.84
1632841800.0,26.9
1632842100.0,26.87
1632842400.0,26.89
1632842700.0,26.88
1632843000.0,26.89
1632843300.0,26.89
1632843600.0,26.83
1632843900.0,26.83
1632844200.0,26.85
1632844500.0,26.83
1632844800.0,26.85
1632845100.0,26.85
1632845400.0,26.83
1632845700.0,26.83
1632846000.0,26.83
1632846300.0,26.83
1632846600.0,26.83
1632846900.0,26.83
1632847200.0,26.83
1632847500.0,26.83
1632847800.0,26.82
1632848100.0,26.82
1632848400.0,26.81
1632848700.0,26.76
1632849000.0,26.8
1632849300.0,26.8
1632849600.0,26.83
1632849900.0,26.82
1632850200.0,26.82
1632850500.0,26.81
1632850800.0,26.83
1632851100.0,26.81
1632851400.0,26.82
1632851700.0,26.8
1632852000.0,26.8
1632852300.0,26.82
1632852600.0,26.82
1632852900.0,26.83
1632853200.0,26.82
1632853500.0,26.82
1632853800.0,26.84
1632854100.0,26.83
1632854400.0,26.85
1632854700.0,26.83
1632855000.0,26.83
1632855300.0,26.8
1632855600.0,26.8
1632855900.0,26.83
1632856200.0,26.85
1632856500.0,26.85
1632856800.0,26.83
1632857100.0,26.83
1632857400.0,26.8
1632857700.0,26.8
1632858000.0,26.8
1632858300.0,26.8
1632858600.0,26.8
1632858900.0,26.84
1632859200.0,26.84
1632859500.0,26.81
1632859800.0,26.82
1632860100.0,26.81
1632860400.0,26.82
1632860700.0,26.79
1632861000.0,26.82
1632861300.0,26.82
1632861600.0,26.85
1632861900.0,26.85
1632862200.0,26.85
1632862500.0,26.85
1632862800.0,26.85
1632863100.0,26.84
1632863400.0,26.84
1632863700.0,26.84
1632864000.0,26.84
1632864300.0,26.8
1632864600.0,26.8
1632864900.0,26.8
1632865200.0,26.81
1632865500.0,26.81
1632865800.0,26.81
1632866100.0,26.81
1632866400.0,26.81
1632866700.0,26.81
1632867000.0,26.81
1632867300.0,26.81
1632867600.0,26.8
1632867900.0,26.81
1632868200.0,26.81
1632868500.0,26.81
1632868800.0,26.81
1632869100.0,26.81
1632869400.0,26.8
1632869700.0,26.8
1632870000.0,26.81
1632870300.0,26.81
1632870600.0,26.81
1632870900.0,26.81
1632871200.0,26.81
1632871500.0,26.81
1632871800.0,26.81
1632872100.0,26.8
1632872400.0,26.81
1632872700.0,26.81
1632873000.0,26.82
1632873300.0,26.82
1632873600.0,26.82
1632873900.0,26.81
1632874200.0,26.82
1632874500.0,26.82
1632874800.0,26.81
1632875100.0,26.82
1632875400.0,26.82
1632875700.0,26.82
1632876000.0,26.81
1632876300.0,26.82
1632876600.0,26.82
1632876900.0,26.82
1632877200.0,26.82
1632877500.0,26.82
1632877800.0,26.81
1632878100.0,26.81
1632878400.0,26.81
1632878700.0,26.81
1632879000.0,26.81
1632879300.0,26.81
1632879600.0,26.81
1632879900.0,26.81
1632880200.0,26.81
1632880500.0,26.81
1632880800.0,26.81
1632881100.0,26.81
1632881400.0,26.81
1632881700.0,26.82
1632882000.0,26.8
1632882300.0,26.8
1632882600.0,26.82
1632882900.0,26.82
1632883200.0,26.82
1632883500.0,26.82
1632883800.0,26.82
1632884100.0,26.82
1632884400.0,26.82
1632884700.0,26.82
1632885000.0,26.82
1632885300.0,26.82
1632885600.0,26.82
1632885900.0,26.82
1632886200.0,26.82
1632886500.0,26.82
1632886800.0,26.8
1632887100.0,26.8
1632887400.0,26.82
1632887700.0,26.82
1632888000.0,26.82
1632888300.0,26.82
1632888600.0,26.82
1632888900.0,26.82
1632889200.0,26.82
1632889500.0,26.81
1632889800.0,26.82
1632890100.0,26.82
1632890400.0,26.82
1632890700.0,26.82
1632891000.0,26.82
1632891300.0,26.8
1632891600.0,26.82
1632891900.0,26.81
1632892200.0,26.82
1632892500.0,26.82
1632892800.0,26.82
1632893100.0,26.83
1632893400.0,26.83
1632893700.0,26.83
1632894000.0,26.84
1632894300.0,26.84
1632894600.0,26.84
1632894900.0,26.84
1632895200.0,26.84
1632895500.0,26.84
1632895800.0,26.84
1632896100.0,26.83
1632896400.0,26.84
1632896700.0,26.83
1632897000.0,26.84
1632897300.0,26.84
1632897600.0,26.84
1632897900.0,26.83
1632898200.0,26.82
1632898500.0,26.81
1632906000.0,26.81
1632906300.0,26.81
1632906600.0,26.81
1632906900.0,26.81
1632907200.0,26.81
1632907500.0,26.81
1632907800.0,26.8
1632908100.0,26.81
1632908400.0,26.84
1632908700.0,26.84
1632909000.0,26.85
1632909300.0,26.86
1632909600.0,26.86
1632909900.0,26.86
1632910200.0,26.86
1632910500.0,26.85
1632910800.0,26.86
1632911100.0,26.86
1632911400.0,26.86
1632911700.0,26.86
1632912000.0,26.88
1632912300.0,26.88
1632912600.0,26.88
1632912900.0,26.89
1632913200.0,26.89
1632913500.0,26.89
1632913800.0,26.89
1632914100.0,26.89
1632914400.0,26.88
1632914700.0,26.82
1632915000.0,26.82
1632915300.0,26.82
1632915600.0,26.82
1632915900.0,26.82
1632916200.0,26.82
1632916500.0,26.84
1632916800.0,26.85
1632917100.0,26.84
1632917400.0,26.86
1632917700.0,26.85
1632918000.0,26.86
1632918300.0,26.85
1632918600.0,26.85
1632918900.0,26.85
1632919200.0,26.85
1632919500.0,26.85
1632919800.0,26.83
1632920100.0,26.83
1632920400.0,26.83
1632920700.0,26.83
1632921000.0,26.83
1632921300.0,26.82
1632921600.0,26.84
1632921900.0,26.84
1632922200.0,26.82
1632922500.0,26.84
1632922800.0,26.84
1632923100.0,26.84
1632923400.0,26.85
1632923700.0,26.85
1632924000.0,26.85
1632924300.0,26.85
1632924600.0,26.85
1632924900.0,26.87
1632925200.0,26.88
1632925500.0,26.88
1632925800.0,26.88
1632926100.0,26.89
1632926400.0,26.89
1632926700.0,26.88
1632927000.0,26.88
1632927300.0,26.87
1632927600.0,26.86
1632927900.0,26.87
1632928200.0,26.86
1632928500.0,26.86
1632928800.0,26.86
1632929100.0,26.86
1632929400.0,26.86
1632929700.0,26.86
1632930000.0,26.86
1632930300.0,26.86
1632930600.0,26.86
1632930900.0,26.86
1632931200.0,26.86
1632931500.0,26.86
1632931800.0,26.86
1632932100.0,26.86
1632932400.0,26.86
1632932700.0,26.85
1632933000.0,26.85
1632933300.0,26.86
1632933600.0,26.85
1632933900.0,26.86
1632934200.0,26.84
1632934500.0,26.85
1632934800.0,26.85
1632935100.0,26.85
1632935400.0,26.85
1632935700.0,26.85
1632936000.0,26.88
1632936300.0,26.88
1632936600.0,26.87
1632936900.0,26.88
1632937200.0,26.88
1632937500.0,26.88
1632937800.0,26.88
1632938100.0,26.88
1632938400.0,26.87
1632938700.0,26.86
1632939000.0,26.85
1632939300.0,26.85
1632939600.0,26.85
1632939900.0,26.85
1632940200.0,26.85
1632940500.0,26.86
1632940800.0,26.85
1632941100.0,26.86
1632941400.0,26.85
1632941700.0,26.86
1632942000.0,26.85
1632942300.0,26.85
1632942600.0,26.84
1632942900.0,26.84
1632943200.0,26.84
1632943500.0,26.84
1632943800.0,26.84
1632944100.0,26.84
1632944400.0,26.84
1632944700.0,26.84
1632945000.0,26.84
1632945300.0,26.83
1632945600.0,26.84
1632945900.0,26.83
1632946200.0,26.85
1632946500.0,26.85
1632946800.0,26.87
1632947100.0,26.86
1632947400.0,26.86
1632947700.0,26.86
1632948000.0,26.86
1632948300.0,26.86
1632948600.0,26.85
1632948900.0,26.86
1632949200.0,26.86
1632949500.0,26.86
1632949800.0,26.86
1632950100.0,26.87
1632950400.0,26.86
1632950700.0,26.86
1632951000.0,26.86
1632951300.0,26.86
1632951600.0,26.86
1632951900.0,26.85
1632952200.0,26.86
1632952500.0,26.85
1632952800.0,26.86
1632953100.0,26.86
1632953400.0,26.86
1632953700.0,26.86
1632954000.0,26.86
1632954300.0,26.86
1632954600.0,26.86
1632954900.0,26.86
1632955200.0,26.86
1632955500.0,26.86
1632955800.0,26.85
1632956100.0,26.85
1632956400.0,26.85
1632956700.0,26.85
1632957000.0,26.85
1632957300.0,26.85
1632957600.0,26.85
1632957900.0,26.84
1632958200.0,26.84
1632958500.0,26.85
1632958500.0,26.85
1632958800.0,26.84
1632959100.0,26.84
1632959400.0,26.84
1632959700.0,26.85
1632960000.0,26.85
1632960300.0,26.84
1632960600.0,26.85
1632960900.0,26.84
1632961200.0,26.85
1632961500.0,26.85
1632961800.0,26.85
1632962100.0,26.85
1632962400.0,26.84
1632962700.0,26.84
1632963000.0,26.84
1632963300.0,26.84
1632963600.0,26.84
1632963900.0,26.83
1632964200.0,26.82
1632964500.0,26.83
1632964800.0,26.83
1632965100.0,26.82
1632965400.0,26.82
1632965700.0,26.83
1632966000.0,26.83
1632966300.0,26.83
1632966600.0,26.83
1632966900.0,26.83
1632967200.0,26.83
1632967500.0,26.83
1632967800.0,26.82
1632968100.0,26.83
1632968400.0,26.83
1632968700.0,26.83
1632969000.0,26.83
1632969300.0,26.83
1632969600.0,26.83
1632969900.0,26.83
1632970200.0,26.83
1632970500.0,26.82
1632970800.0,26.82
1632971100.0,26.82
1632971400.0,26.82
1632971700.0,26.83
1632972000.0,26.83
1632972300.0,26.83
1632972600.0,26.83
1632972900.0,26.83
1632973200.0,26.83
1632973500.0,26.83
1632973800.0,26.83
1632974100.0,26.82
1632974400.0,26.82
1632974700.0,26.83
1632975000.0,26.83
1632975300.0,26.82
1632975600.0,26.82
1632975900.0,26.83
1632976200.0,26.83
1632976500.0,26.83
1632976800.0,26.82
1632977100.0,26.83
1632977400.0,26.83
1632977700.0,26.83
1632978000.0,26.83
1632978300.0,26.83
1632978600.0,26.83
1632978900.0,26.83
1632979200.0,26.83
1632979500.0,26.83
1632979800.0,26.83
1632980100.0,26.83
1632980400.0,26.83
1632980700.0,26.83
1632981000.0,26.83
1632981300.0,26.83
1632981600.0,26.83
1632981900.0,26.83
1632982200.0,26.85
1632982500.0,26.85
1632982800.0,26.85
1632983100.0,26.87
1632983400.0,26.88
1632983700.0,26.89
1632984000.0,26.9
1632984300.0,26.9
1632984600.0,26.9
1632984900.0,26.9
1632985200.0,26.91
1632985500.0,26.9
1632985800.0,26.93
1632986100.0,26.93
1632986400.0,26.93
1632986700.0,26.94
1632987000.0,26.94
1632987300.0,26.94
1632987600.0,26.94
1632987900.0,26.94
1632988200.0,26.95
1632988500.0,26.95
1632988800.0,26.94
1632989100.0,26.95
1632989400.0,26.96
1632989700.0,26.95
1632990000.0,26.95
1632990300.0,26.94
1632990600.0,26.94
1632990900.0,26.95
1632991200.0,26.94
1632991500.0,26.93
1632991800.0,26.93
1632992100.0,26.92
1632992400.0,26.92
1632992700.0,26.92
1632993000.0,26.93
1632993300.0,26.93
1632993600.0,26.92
1632993900.0,26.93
1632994200.0,26.92
1632994500.0,26.93
1632994800.0,26.93
1632995100.0,26.92
1632995400.0,26.93
1632995700.0,26.93
1632996000.0,26.93
1632996300.0,26.93
1632996600.0,26.93
1632996900.0,26.93
1632997200.0,26.93
1632997500.0,26.93
1632997800.0,26.92
1632998100.0,26.92
1632998400.0,26.95
1632998700.0,26.98
1632999000.0,26.98
1632999300.0,26.98
1632999600.0,26.98
1632999900.0,26.97
1633000200.0,26.96
1633000500.0,26.96
1633000800.0,26.97
1633001100.0,26.96
1633001400.0,26.92
1633001700.0,26.89
1633002000.0,26.88
1633002300.0,26.89
1633002600.0,26.89
1633002900.0,26.89
1633003200.0,26.89
1633003500.0,26.88
1633003800.0,26.88
1633004100.0,26.88
1633004400.0,26.89
1633004700.0,26.89
1633005000.0,26.89
1633005300.0,26.88
1633005600.0,26.89
1633005900.0,26.89
1633006200.0,26.89
1633006500.0,26.89
1633006800.0,26.89
1633007100.0,26.89
1633007400.0,26.89
1633007700.0,26.9
1633008000.0,26.9
1633008300.0,26.89
1633008600.0,26.89
1633008900.0,26.9
1633009200.0,26.89
1633009500.0,26.9
1633009800.0,26.9
1633010100.0,26.9
1633010400.0,26.9
1633010700.0,26.9
1633011000.0,26.9
1633011300.0,26.9
1633011600.0,26.9
1633011900.0,26.9
1633012200.0,26.89
1633012500.0,26.88
1633012800.0,26.87
1633013100.0,26.8
1633013400.0,26.8
1633013700.0,26.8
1633014000.0,26.8
1633014300.0,26.8
1633014600.0,26.8
1633014900.0,26.8
1633015200.0,26.8
1633015500.0,26.8
1633015800.0,26.8
1633016100.0,26.8
1633016400.0,26.8
1633016700.0,26.82
1633017000.0,26.82
1633017300.0,26.82
1633017600.0,26.81
1633017900.0,26.8
1633018200.0,26.82
1633018500.0,26.8
1633018800.0,26.8
1633019100.0,26.82
1633019400.0,26.81
1633019700.0,26.82
1633020000.0,26.81
1633020300.0,26.84
1633020600.0,26.83
1633020900.0,26.85
1633021200.0,26.88
1633021500.0,26.86
1633021800.0,26.85
1633022100.0,26.87
1633022400.0,26.84
1633022700.0,26.81
1633023000.0,26.81
1633023300.0,26.8
1633023600.0,26.8
1633023900.0,26.81
1633024200.0,26.81
1633024500.0,26.8
1633024800.0,26.8
1633025100.0,26.81
1633025400.0,26.81
1633025700.0,26.81
1633026000.0,26.81
1633026300.0,26.81
1633026600.0,26.81
1633026900.0,26.81
1633027200.0,26.81
1633027500.0,26.81
1633027800.0,26.79
1633028100.0,26.79
1633028400.0,26.81
1633028700.0,26.81
1633029000.0,26.85
1633029300.0,26.87
1633029600.0,26.88
1633029900.0,26.86
1633030200.0,26.85
1633030500.0,26.86
1633030800.0,26.86
1633031100.0,26.85
1633031400.0,26.84
1633031700.0,26.86
1633032000.0,26.87
1633032300.0,26.86
1633032600.0,26.87
1633032900.0,26.87
1633033200.0,26.87
1633033500.0,26.87
1633033800.0,26.87
1633034100.0,26.87
1633034400.0,26.87
1633034700.0,26.87
1633035000.0,26.86
1633035300.0,26.89
1633035600.0,26.88
1633035900.0,26.89
1633036200.0,26.88
1633036500.0,26.88
1633036800.0,26.87
1633037100.0,26.87
1633037400.0,26.88
1633037700.0,26.87
1633038000.0,26.89
1633038300.0,26.88
1633038600.0,26.87
1633038900.0,26.88
1633039200.0,26.88
1633039500.0,26.88
1633039800.0,26.86
1633040100.0,26.86
1633040400.0,26.86
1633040700.0,26.87
1633041000.0,26.85
1633041300.0,26.85
1633041600.0,26.85
1633041900.0,26.85
1633042200.0,26.83
1633042500.0,26.83
1633042800.0,26.83
1633043100.0,26.83
1633043400.0,26.83
1633043700.0,26.83
1633044000.0,26.83
1633044300.0,26.82
1633044600.0,26.82
1633044900.0,26.82
1633045200.0,26.83
1633045500.0,26.82
1633045800.0,26.82
1633046100.0,26.82
1633046400.0,26.83
1633046700.0,26.83
1633047000.0,26.83
1633047300.0,26.82
1633047600.0,26.82
1633047900.0,26.82
1633048200.0,26.81
1633048500.0,26.81
1633048800.0,26.81
1633049100.0,26.83
1633049400.0,26.82
1633049700.0,26.81
1633050000.0,26.82
1633050300.0,26.82
1633050600.0,26.82
1633050900.0,26.82
1633051200.0,26.83
1633051500.0,26.83
1633051800.0,26.83
1633052100.0,26.83
1633052400.0,26.83
1633052700.0,26.83
1633053000.0,26.83
1633053300.0,26.83
1633053600.0,26.83
1633053900.0,26.82
1633054200.0,26.82
1633054500.0,26.82
1633054800.0,26.82
1633055100.0,26.82
1633055400.0,26.82
1633055700.0,26.83
1633056000.0,26.83
1633056300.0,26.83
1633056600.0,26.83
1633056900.0,26.83
1633057200.0,26.83
1633057500.0,26.82
1633057800.0,26.82
1633058100.0,26.83
1633058400.0,26.83
1633058700.0,26.83
1633059000.0,26.83
1633059300.0,26.83
1633059600.0,26.83
1633059900.0,26.83
1633060200.0,26.83
1633060500.0,26.82
1633060800.0,26.83
1633061100.0,26.83
1633061400.0,26.83
1633061700.0,26.83
1633062000.0,26.83
1633062300.0,26.83
1633062600.0,26.82
1633062900.0,26.83
1633063200.0,26.84
1633063500.0,26.83
1633063800.0,26.83
1633064100.0,26.84
1633064400.0,26.84
1633064700.0,26.83
1633065000.0,26.84
1633065300.0,26.86
1633065600.0,26.87
1633065900.0,26.87
1633066200.0,26.86
1633066500.0,26.87
1633066800.0,26.88
1633067100.0,26.85
1633067400.0,26.82
1633067700.0,26.82
1633068000.0,26.81
1633068300.0,26.84
1633068600.0,26.83
1633068900.0,26.85
1633069200.0,26.87
1633069500.0,26.87
1633069800.0,26.86
1633070100.0,26.87
1633070400.0,26.85
1633070700.0,26.87
1633071000.0,26.87
1633071300.0,26.87
1633071600.0,26.88
1633071900.0,26.87
1633072200.0,26.88
1633072500.0,26.87
1633072800.0,26.85
1633073100.0,26.85
1633073400.0,26.85
1633073700.0,26.87
1633074000.0,26.88
1633074300.0,26.87
1633074600.0,26.89
1633074900.0,26.88
1633075200.0,26.89
1633075500.0,26.89
1633075800.0,26.89
1633076100.0,26.87
1633076400.0,26.87
1633076700.0,26.87
1633077000.0,26.85
1633077300.0,26.85
1633077600.0,26.85
1633077900.0,26.85
1633078200.0,26.87
1633078500.0,26.89
1633078800.0,26.89
1633079100.0,26.89
1633079400.0,26.88
1633079700.0,26.88
1633080000.0,26.89
1633080300.0,26.89
1633080600.0,26.89
1633080900.0,26.89
1633081200.0,26.88
1633081500.0,26.89
1633081800.0,26.88
1633082100.0,26.89
1633082400.0,26.88
1633082700.0,26.86
1633083000.0,26.85
1633083300.0,26.86
1633083600.0,26.86
1633083900.0,26.88
1633084200.0,26.85
1633084500.0,26.85
1633084800.0,26.86
1633085100.0,26.87
1633085400.0,26.89
1633085700.0,26.9
1633086000.0,26.88
1633086300.0,26.87
1633086600.0,26.86
1633086900.0,26.86
1633087200.0,26.86
1633087500.0,26.87
1633087800.0,26.88
1633088100.0,26.89
1633088400.0,26.89
1633088700.0,26.88
1633089000.0,26.88
1633089300.0,26.88
1633089600.0,26.89
1633089900.0,26.88
1633090200.0,26.88
1633090500.0,26.89
1633090800.0,26.89
1633091100.0,26.89
1633091400.0,26.89
1633091700.0,26.89
1633092000.0,26.88
1633092300.0,26.87
1633092600.0,26.88
1633092900.0,26.91
1633093200.0,26.91
1633093500.0,26.91
1633093800.0,26.91
1633094100.0,26.92
1633094400.0,26.92
1633094700.0,26.92
1633095000.0,26.9
1633095300.0,26.9
1633095600.0,26.9
1633095900.0,26.9
1633096200.0,26.9
1633096500.0,26.9
1633096800.0,26.91
1633097100.0,26.88
1633097400.0,26.88
1633097700.0,26.89
1633098000.0,26.93
1633098300.0,26.91
1633098600.0,26.9
1633098900.0,26.9
1633099200.0,26.91
1633099500.0,26.91
1633099800.0,26.88
1633100100.0,26.88
1633100400.0,26.92
1633100700.0,26.91
1633101000.0,26.91
1633101300.0,26.91
1633101600.0,26.89
1633101900.0,26.86
1633102200.0,26.88
1633102500.0,26.88
1633102800.0,26.88
1633103100.0,26.88
1633103400.0,26.9
1633103700.0,26.91
1633104000.0,26.87
1633104300.0,26.88
1633104600.0,26.91
1633104900.0,26.9
1633105200.0,26.88
1633105500.0,26.89
1633105800.0,26.89
1633106100.0,26.88
1633106400.0,26.87
1633106700.0,26.88
1633107000.0,26.88
1633107300.0,26.89
1633107600.0,26.88
1633107900.0,26.88
1633108200.0,26.89
1633108200.0,26.89
1633108500.0,26.9
1633108800.0,26.9
1633109100.0,26.89
1633109400.0,26.88
1633109700.0,26.89
1633110000.0,26.89
1633110300.0,26.89
1633110600.0,26.9
1633110900.0,26.9
1633111200.0,26.9
1633111500.0,26.88
1633111800.0,26.88
1633112100.0,26.9
1633112400.0,26.9
1633112700.0,26.9
1633113000.0,26.88
1633113300.0,26.88
1633113600.0,26.88
1633113900.0,26.88
1633114200.0,26.89
1633114500.0,26.89
1633114800.0,26.89
1633115100.0,26.89
1633115400.0,26.87
1633115700.0,26.85
1633116000.0,26.86
1633116300.0,26.84
1633116600.0,26.84
1633116900.0,26.84
1633117200.0,26.86
1633117500.0,26.85
1633117800.0,26.86
1633118100.0,26.87
1633118400.0,26.87
1633118700.0,26.87
1633119000.0,26.87
1633119300.0,26.87
1633119600.0,26.87
1633119900.0,26.87
1633120200.0,26.89
1633120500.0,26.85
1633120800.0,26.85
1633121100.0,26.85
1633121400.0,26.87
1633121700.0,26.86
1633122000.0,26.87
1633122300.0,26.87
1633122600.0,26.89
1633122900.0,26.89
1633123200.0,26.89
1633123500.0,26.89
1633123800.0,26.89
1633124100.0,26.89
1633124400.0,26.89
1633124700.0,26.89
1633125000.0,26.89
1633125300.0,26.89
1633125600.0,26.89
1633125900.0,26.89
1633126200.0,26.84
1633126500.0,26.89
1633126800.0,26.89
1633127100.0,26.89
1633127400.0,26.88
1633127700.0,26.89
1633128000.0,26.86
1633128300.0,26.85
1633128600.0,26.86
1633128900.0,26.86
1633129200.0,26.89
1633129500.0,26.89
1633129800.0,26.88
1633130100.0,26.87
1633130400.0,26.88
1633130700.0,26.88
1633131000.0,26.88
1633131300.0,26.88
1633131600.0,26.88
1633131900.0,26.88
1633132200.0,26.87
1633132500.0,26.85
1633132800.0,26.88
1633133100.0,26.87
1633133400.0,26.88
1633133700.0,26.88
1633134000.0,26.87
1633134300.0,26.86
1633134600.0,26.86
1633134900.0,26.88
1633135200.0,26.84
1633135500.0,26.84
1633135800.0,26.88
1633136100.0,26.88
1633136400.0,26.88
1633136700.0,26.87
1633137000.0,26.87
1633137300.0,26.87
1633137600.0,26.87
1633137900.0,26.87
1633138200.0,26.87
1633138500.0,26.87
1633138800.0,26.88
1633139100.0,26.88
1633139400.0,26.87
1633139700.0,26.88
1633140000.0,26.88
1633140300.0,26.88
1633140600.0,26.88
1633140900.0,26.87
1633141200.0,26.88
1633141500.0,26.88
1633141800.0,26.88
1633142100.0,26.88
1633142400.0,26.87
1633142700.0,26.87
1633143000.0,26.87
1633143300.0,26.87
1633143600.0,26.87
1633143900.0,26.87
1633144200.0,26.87
1633144500.0,26.87
1633144800.0,26.87
1633145100.0,26.87
1633145400.0,26.88
1633145700.0,26.88
1633146000.0,26.88
1633146300.0,26.87
1633146600.0,26.88
1633146900.0,26.87
1633147200.0,26.88
1633147500.0,26.88
1633147800.0,26.87
1633148100.0,26.88
1633148400.0,26.88
1633148700.0,26.88
1633149000.0,26.88
1633149300.0,26.87
1633149600.0,26.87
1633149900.0,26.86
1633150200.0,26.86
1633150500.0,26.86
1633150800.0,26.86
1633151100.0,26.86
1633151400.0,26.86
1633151700.0,26.85
1633152000.0,26.86
1633152300.0,26.86
1633152600.0,26.86
1633152900.0,26.86
1633153200.0,26.86
1633153500.0,26.86
1633153800.0,26.86
1633154100.0,26.85
1633154400.0,26.87
1633154700.0,26.85
1633155000.0,26.85
1633155300.0,26.86
1633155600.0,26.85
1633155900.0,26.89
1633156200.0,26.88
1633156500.0,26.9
1633156800.0,26.9
1633157100.0,26.9
1633157400.0,26.9
1633157700.0,26.92
1633158000.0,26.89
1633158300.0,26.9
1633158600.0,26.91
1633158900.0,26.9
1633159200.0,26.91
1633159500.0,26.9
1633159800.0,26.89
1633160100.0,26.91
1633160400.0,26.91
1633160700.0,26.92
1633161000.0,26.92
1633161300.0,26.92
1633161600.0,26.92
1633161900.0,26.9
1633162200.0,26.9
1633162500.0,26.9
1633162800.0,26.89
1633163100.0,26.88
1633163400.0,26.89
1633163700.0,26.88
1633164000.0,26.9
1633164300.0,26.9
1633164600.0,26.89
1633164900.0,26.9
1633165200.0,26.89
1633165500.0,26.88
1633165800.0,26.88
1633166100.0,26.88
1633166400.0,26.88
1633166700.0,26.88
1633167000.0,26.88
1633167300.0,26.88
1633167600.0,26.9
1633167900.0,26.89
1633168200.0,26.9
1633168500.0,26.9
1633168800.0,26.89
1633169100.0,26.89
1633169400.0,26.9
1633169700.0,26.9
1633170000.0,26.9
1633170300.0,26.89
1633170600.0,26.87
1633170900.0,26.88
1633171200.0,26.88
1633171500.0,26.87
1633171800.0,26.87
1633172100.0,26.87
1633172400.0,26.88
1633172700.0,26.88
1633173000.0,26.88
1633173300.0,26.88
1633173600.0,26.88
1633173900.0,26.88
1633174200.0,26.88
1633174500.0,26.88
1633174800.0,26.88
1633175100.0,26.88
1633175400.0,26.88
1633175700.0,26.88
1633176000.0,26.88
1633176300.0,26.88
1633176600.0,26.88
1633176900.0,26.88
1633177200.0,26.88
1633177500.0,26.88
1633177800.0,26.88
1633178100.0,26.88
1633178400.0,26.88
1633178700.0,26.88
1633179000.0,26.87
1633179300.0,26.88
1633179600.0,26.88
1633179900.0,26.87
1633180200.0,26.88
1633180500.0,26.88
1633180800.0,26.88
1633181100.0,26.88
1633181400.0,26.88
1633181700.0,26.88
1633182000.0,26.88
1633182300.0,26.88
1633182600.0,26.88
1633182900.0,26.88
1633183200.0,26.88
1633183500.0,26.88
1633183800.0,26.88
1633184100.0,26.88
1633184400.0,26.88
1633184700.0,26.88
1633185000.0,26.88
1633185300.0,26.88
1633185600.0,26.88
1633185900.0,26.88
1633186200.0,26.88
1633186500.0,26.88
1633186800.0,26.88
1633187100.0,26.88
1633187400.0,26.88
1633187700.0,26.88
1633188000.0,26.88
1633188300.0,26.88
1633188600.0,26.88
1633188900.0,26.88
1633189200.0,26.88
1633189500.0,26.88
1633189800.0,26.88
1633190100.0,26.88
1633190400.0,26.88
1633190700.0,26.88
1633191000.0,26.9
1633191300.0,26.9
1633191600.0,26.9
1633191900.0,26.89
1633192200.0,26.9
1633192500.0,26.9
1633192800.0,26.88
1633193100.0,26.88
1633193400.0,26.88
1633193700.0,26.89
1633194000.0,26.89
1633194300.0,26.86
1633194600.0,26.86
1633194900.0,26.86
1633195200.0,26.86
1633195500.0,26.86
1633195800.0,26.86
1633196100.0,26.86
1633196400.0,26.86
1633196700.0,26.86
1633197000.0,26.86
1633197300.0,26.86
1633197600.0,26.86
1633197900.0,26.86
1633198200.0,26.86
1633198500.0,26.88
1633198800.0,26.88
1633199100.0,26.86
1633199400.0,26.87
1633199700.0,26.88
1633200000.0,26.87
1633200300.0,26.87
1633200600.0,26.87
1633200900.0,26.87
1633201200.0,26.87
1633201500.0,26.87
1633201800.0,26.88
1633202100.0,26.86
1633202400.0,26.86
1633202700.0,26.88
1633203000.0,26.87
1633203300.0,26.88
1633203600.0,26.87
1633203900.0,26.87
1633204200.0,26.88
1633204500.0,26.87
1633204800.0,26.87
1633205100.0,26.87
1633205400.0,26.87
1633205700.0,26.88
1633206000.0,26.88
1633206300.0,26.88
1633206600.0,26.88
1633206900.0,26.88
1633207200.0,26.88
1633207500.0,26.88
1633207800.0,26.88
1633208100.0,26.87
1633208400.0,26.88
1633208700.0,26.88
1633209000.0,26.88
1633209300.0,26.87
1633209600.0,26.88
1633209900.0,26.88
1633210200.0,26.88
1633210500.0,26.88
1633210800.0,26.88
1633211100.0,26.88
1633211400.0,26.88
1633211700.0,26.88
1633212000.0,26.88
1633212300.0,26.88
1633212600.0,26.88
1633212900.0,26.88
1633213200.0,26.88
1633213500.0,26.88
1633213800.0,26.87
1633214100.0,26.87
1633214400.0,26.88
1633214700.0,26.88
1633215000.0,26.87
1633215300.0,26.87
1633215600.0,26.88
1633215900.0,26.88
1633216200.0,26.87
1633216500.0,26.88
1633216800.0,26.87
1633217100.0,26.87
1633217400.0,26.87
1633217700.0,26.87
1633218000.0,26.87
1633218300.0,26.86
1633218600.0,26.86
1633218900.0,26.86
1633219200.0,26.86
1633219500.0,26.86
1633219800.0,26.86
1633220100.0,26.86
1633220400.0,26.86
1633220700.0,26.86
1633221000.0,26.86
1633221300.0,26.86
1633221600.0,26.87
1633221900.0,26.86
1633222200.0,26.86
1633222500.0,26.86
1633222800.0,26.86
1633223100.0,26.86
1633223400.0,26.86
1633223700.0,26.86
1633224000.0,26.86
1633224300.0,26.86
1633224600.0,26.86
1633224900.0,26.86
1633225200.0,26.86
1633225500.0,26.87
1633225800.0,26.87
1633226100.0,26.87
1633226400.0,26.87
1633226700.0,26.86
1633227000.0,26.86
1633227300.0,26.86
1633227600.0,26.85
1633227900.0,26.85
1633228200.0,26.85
1633228500.0,26.85
1633228800.0,26.85
1633229100.0,26.85
1633229400.0,26.85
1633229700.0,26.85
1633230000.0,26.85
1633230300.0,26.86
1633230600.0,26.86
1633230900.0,26.85
1633231200.0,26.85
1633231500.0,26.85
1633231800.0,26.85
1633232100.0,26.85
1633232400.0,26.85
1633232700.0,26.85
1633233000.0,26.85
1633233300.0,26.85
1633233600.0,26.85
1633233900.0,26.86
1633234200.0,26.86
1633234500.0,26.86
1633234800.0,26.85
1633235100.0,26.85
1633235400.0,26.85
1633235700.0,26.85
1633236000.0,26.85
1633236300.0,26.86
1633236600.0,26.86
1633236900.0,26.86
1633237200.0,26.85
1633237500.0,26.86
1633237800.0,26.85
1633238100.0,26.85
1633238400.0,26.86
1633238700.0,26.86
1633239000.0,26.86
1633239300.0,26.85
1633239600.0,26.86
1633239900.0,26.85
1633240200.0,26.85
1633240500.0,26.86
1633240800.0,26.86
1633241100.0,26.86
1633241400.0,26.87
1633241700.0,26.87
1633242000.0,26.87
1633242300.0,26.87
1633242600.0,26.87
1633242900.0,26.87
1633243200.0,26.86
1633243500.0,26.85
1633243800.0,26.85
1633244100.0,26.86
1633244400.0,26.87
1633244700.0,26.86
1633245000.0,26.86
1633245300.0,26.86
1633245600.0,26.86
1633245900.0,26.86
1633246200.0,26.87
1633246500.0,26.86
1633246800.0,26.86
1633247100.0,26.86
1633247400.0,26.87
1633247700.0,26.87
1633248000.0,26.86
1633248300.0,26.86
1633248600.0,26.86
1633248900.0,26.86
1633249200.0,26.86
1633249500.0,26.86
1633249800.0,26.86
1633250100.0,26.86
1633250400.0,26.86
1633250700.0,26.86
1633251000.0,26.85
1633251300.0,26.86
1633251600.0,26.86
1633251900.0,26.87
1633252200.0,26.86
1633252500.0,26.87
1633252800.0,26.86
1633253100.0,26.86
1633253400.0,26.86
1633253700.0,26.85
1633254000.0,26.86
1633254300.0,26.86
1633254600.0,26.86
1633254900.0,26.85
1633255200.0,26.85
1633255500.0,26.84
1633255800.0,26.86
1633256100.0,26.86
1633256400.0,26.85
1633256700.0,26.86
1633257000.0,26.86
1633257300.0,26.86
1633257600.0,26.86
1633257900.0,26.86
1633257900.0,26.86
1633258200.0,26.85
1633258500.0,26.86
1633258800.0,26.86
1633259100.0,26.86
1633259400.0,26.86
1633259700.0,26.85
1633260000.0,26.86
1633260300.0,26.85
1633260600.0,26.86
1633260900.0,26.86
1633261200.0,26.85
1633261500.0,26.86
1633261800.0,26.86
1633262100.0,26.85
1633262400.0,26.86
1633262700.0,26.86
1633263000.0,26.86
1633263300.0,26.86
1633263600.0,26.86
1633263900.0,26.86
1633264200.0,26.86
1633264500.0,26.85
1633264800.0,26.85
1633265100.0,26.86
1633265400.0,26.86
1633265700.0,26.86
1633266000.0,26.86
1633266300.0,26.86
1633266600.0,26.86
1633266900.0,26.85
1633267200.0,26.86
1633267500.0,26.86
1633267800.0,26.85
1633268100.0,26.86
1633268400.0,26.86
1633268700.0,26.86
1633269000.0,26.86
1633269300.0,26.86
1633269600.0,26.86
1633269900.0,26.86
1633270200.0,26.85
1633270500.0,26.86
1633270800.0,26.86
1633271100.0,26.85
1633271400.0,26.86
1633271700.0,26.85
1633272000.0,26.85
1633272300.0,26.86
1633272600.0,26.86
1633272900.0,26.85
1633273200.0,26.86
1633273500.0,26.86
1633273800.0,26.86
1633274100.0,26.86
1633274400.0,26.86
1633274700.0,26.86
1633275000.0,26.86
1633275300.0,26.87
1633275600.0,26.87
1633275900.0,26.87
1633276200.0,26.88
1633276500.0,26.88
1633276800.0,26.88
1633277100.0,26.88
1633277400.0,26.87
1633277700.0,26.87
1633278000.0,26.88
1633278300.0,26.89
1633278600.0,26.89
1633278900.0,26.89
1633279200.0,26.88
1633279500.0,26.87
1633279800.0,26.86
1633280100.0,26.86
1633280400.0,26.87
1633280700.0,26.86
1633281000.0,26.86
1633281300.0,26.87
1633281600.0,26.86
1633281900.0,26.87
1633282200.0,26.87
1633282500.0,26.86
1633282800.0,26.86
1633283100.0,26.87
1633283400.0,26.86
1633283700.0,26.86
1633284000.0,26.87
1633284300.0,26.86
1633284600.0,26.87
1633284900.0,26.86
1633285200.0,26.86
1633285500.0,26.86
1633285800.0,26.86
1633286100.0,26.85
1633286400.0,26.85
1633286700.0,26.85
1633287000.0,26.84
1633287300.0,26.85
1633287600.0,26.84
1633287900.0,26.86
1633288200.0,26.86
1633288500.0,26.86
1633288800.0,26.85
1633289100.0,26.85
1633289400.0,26.86
1633289700.0,26.85
1633290000.0,26.85
1633290300.0,26.84
1633290600.0,26.85
1633290900.0,26.85
1633291200.0,26.86
1633291500.0,26.86
1633291800.0,26.86
1633292100.0,26.86
1633292400.0,26.85
1633292700.0,26.84
1633293000.0,26.85
1633293300.0,26.85
1633293600.0,26.85
1633293900.0,26.85
1633294200.0,26.85
1633294500.0,26.85
1633294800.0,26.85
1633295100.0,26.85
1633295400.0,26.84
1633295700.0,26.84
1633296000.0,26.84
1633296300.0,26.84
1633296600.0,26.84
1633296900.0,26.83
1633297200.0,26.84
1633297500.0,26.84
1633297800.0,26.83
1633298100.0,26.84
1633298400.0,26.84
1633298700.0,26.83
1633299000.0,26.83
1633299300.0,26.84
1633299600.0,26.84
1633299900.0,26.84
1633300200.0,26.84
1633300500.0,26.84
1633300800.0,26.84
1633301100.0,26.84
1633301400.0,26.84
1633301700.0,26.83
1633302000.0,26.83
1633302300.0,26.84
1633302600.0,26.84
1633302900.0,26.83
1633303200.0,26.83
1633303500.0,26.84
1633303800.0,26.84
1633304100.0,26.83
1633304400.0,26.83
1633304700.0,26.83
1633305000.0,26.82
1633305300.0,26.82
1633305600.0,26.82
1633305900.0,26.82
1633306200.0,26.82
1633306500.0,26.82
1633306800.0,26.82
1633307100.0,26.82
1633307400.0,26.82
1633307700.0,26.82
1633308000.0,26.83
1633308300.0,26.83
1633308600.0,26.83
1633308900.0,26.83
1633309200.0,26.83
1633309500.0,26.82
1633309800.0,26.83
1633310100.0,26.83
1633310400.0,26.83
1633310700.0,26.83
1633311000.0,26.83
1633311300.0,26.83
1633311600.0,26.82
1633311900.0,26.82
1633312200.0,26.83
1633312500.0,26.83
1633312800.0,26.82
1633313100.0,26.83
1633313400.0,26.83
1633313700.0,26.83
1633314000.0,26.83
1633314300.0,26.82
1633314600.0,26.82
1633314900.0,26.81
1633315200.0,26.82
1633315500.0,26.82
1633315800.0,26.82
1633316100.0,26.81
1633316400.0,26.8
1633316700.0,26.8
1633317000.0,26.8
1633317300.0,26.8
1633317600.0,26.8
1633317900.0,26.8
1633318200.0,26.8
1633318500.0,26.8
1633318800.0,26.8
1633319100.0,26.8
1633319400.0,26.8
1633319700.0,26.8
1633320000.0,26.8
1633320300.0,26.8
1633320600.0,26.8
1633320900.0,26.8
1633321200.0,26.8
1633321500.0,26.8
1633321800.0,26.8
1633322100.0,26.8
1633322400.0,26.81
1633322700.0,26.81
1633323000.0,26.8
1633323300.0,26.81
1633323600.0,26.81
1633323900.0,26.81
1633324200.0,26.83
1633324500.0,26.83
1633324800.0,26.83
1633325100.0,26.84
1633325400.0,26.84
1633325700.0,26.84
1633326000.0,26.83
1633326300.0,26.84
1633326600.0,26.83
1633326900.0,26.83
1633327200.0,26.83
1633327500.0,26.83
1633327800.0,26.83
1633328100.0,26.83
1633328400.0,26.83
1633328700.0,26.84
1633329000.0,26.82
1633329300.0,26.77
1633329600.0,26.78
1633329900.0,26.77
1633330200.0,26.78
1633330500.0,26.75
1633330800.0,26.74
1633331100.0,26.74
1633331400.0,26.74
1633331700.0,26.74
1633332000.0,26.74
1633332300.0,26.75
1633332600.0,26.74
1633332900.0,26.74
1633333200.0,26.74
1633333500.0,26.74
1633333800.0,26.74
1633334100.0,26.75
1633334400.0,26.75
1633334700.0,26.74
1633335000.0,26.74
1633335300.0,26.76
1633335600.0,26.76
1633335900.0,26.75
1633336200.0,26.75
1633336500.0,26.76
1633336800.0,26.76
1633337100.0,26.76
1633337400.0,26.76
1633337700.0,26.75
1633338000.0,26.74
1633338300.0,26.74
1633338600.0,26.72
1633338900.0,26.75
1633339200.0,26.76
1633339500.0,26.74
1633339800.0,26.75
1633340100.0,26.75
1633340400.0,26.75
1633340700.0,26.76
1633341000.0,26.76
1633341300.0,26.75
1633341600.0,26.75
1633341900.0,26.75
1633342200.0,26.75
1633342500.0,26.74
1633342800.0,26.75
1633343100.0,26.76
1633343400.0,26.75
1633343700.0,26.75
1633344000.0,26.76
1633344300.0,26.76
1633344600.0,26.75
1633344900.0,26.75
1633345200.0,26.75
1633345500.0,26.75
1633345800.0,26.74
1633346100.0,26.74
1633346400.0,26.75
1633346700.0,26.75
1633347000.0,26.71
1633347300.0,26.7
1633347600.0,26.7
1633347900.0,26.71
1633348200.0,26.7
1633348500.0,26.71
1633348800.0,26.71
1633349100.0,26.71
1633349400.0,26.69
1633349700.0,26.7
1633350000.0,26.73
1633350300.0,26.73
1633350600.0,26.69
1633350900.0,26.69
1633351200.0,26.71
1633351500.0,26.71
1633351800.0,26.71
1633352100.0,26.71
1633352400.0,26.73
1633352700.0,26.71
1633353000.0,26.71
1633353300.0,26.7
1633353600.0,26.71
1633353900.0,26.71
1633354200.0,26.72
1633354500.0,26.71
1633354800.0,26.71
1633355100.0,26.71
1633355400.0,26.71
1633355700.0,26.7
1633356000.0,26.71
1633356300.0,26.71
1633356600.0,26.71
1633356900.0,26.71
1633357200.0,26.71
1633357500.0,26.71
1633357800.0,26.7
1633358100.0,26.7
1633358400.0,26.71
1633358700.0,26.7
1633359000.0,26.71
1633359300.0,26.71
1633359600.0,26.72
1633359900.0,26.72
1633360200.0,26.71
1633360500.0,26.71
1633360800.0,26.71
1633361100.0,26.71
1633361400.0,26.72
1633361700.0,26.75
1633362000.0,26.76
1633362300.0,26.75
1633362600.0,26.73
1633362900.0,26.72
1633363200.0,26.72
1633363500.0,26.72
1633363800.0,26.72
1633364100.0,26.72
1633364400.0,26.72
1633364700.0,26.73
1633365000.0,26.72
1633365300.0,26.71
1633365600.0,26.73
1633365900.0,26.73
1633366200.0,26.73
1633366500.0,26.72
1633366800.0,26.74
1633367100.0,26.74
1633367400.0,26.73
1633367700.0,26.77
1633368000.0,26.73
1633368300.0,26.74
1633368600.0,26.75
1633368900.0,26.74
1633369200.0,26.72
1633369500.0,26.73
1633369800.0,26.72
1633370100.0,26.72
1633370400.0,26.72
1633370700.0,26.72
1633371000.0,26.72
1633371300.0,26.73
1633371600.0,26.73
1633371900.0,26.73
1633372200.0,26.73
1633372500.0,26.73
1633372800.0,26.73
1633373100.0,26.73
1633373400.0,26.72
1633373700.0,26.73
1633374000.0,26.73
1633374300.0,26.72
1633374600.0,26.73
1633374900.0,26.73
1633375200.0,26.72
1633375500.0,26.72
1633375800.0,26.73
1633376100.0,26.73
1633376400.0,26.73
1633376700.0,26.71
1633377000.0,26.72
1633377300.0,26.76
1633377600.0,26.75
1633377900.0,26.78
1633378200.0,26.79
1633378500.0,26.78
1633378800.0,26.77
1633379100.0,26.76
1633379400.0,26.78
1633379700.0,26.79
1633380000.0,26.79
1633380300.0,26.78
1633380600.0,26.79
1633380900.0,26.79
1633381200.0,26.79
1633381500.0,26.77
1633381800.0,26.75
1633382100.0,26.76
1633382400.0,26.76
1633382700.0,26.77
1633383000.0,26.77
1633383300.0,26.77
1633383600.0,26.77
1633383900.0,26.77
1633384200.0,26.77
1633384500.0,26.77
1633384800.0,26.77
1633385100.0,26.77
1633385400.0,26.77
1633385700.0,26.76
1633386000.0,26.76
1633386300.0,26.76
1633386600.0,26.77
1633386900.0,26.77
1633387200.0,26.76
1633387500.0,26.76
1633387800.0,26.77
1633388100.0,26.77
1633388400.0,26.77
1633388700.0,26.76
1633389000.0,26.77
1633389300.0,26.77
1633389600.0,26.77
1633389900.0,26.76
1633390200.0,26.76
1633390500.0,26.76
1633390800.0,26.76
1633391100.0,26.74
1633391400.0,26.74
1633391700.0,26.74
1633392000.0,26.74
1633392300.0,26.73
1633392600.0,26.74
1633392900.0,26.74
1633393200.0,26.74
1633393500.0,26.74
1633393800.0,26.74
1633394100.0,26.74
1633394400.0,26.74
1633394700.0,26.74
1633395000.0,26.75
1633395300.0,26.75
1633395600.0,26.73
1633395900.0,26.73
1633396200.0,26.73
1633396500.0,26.73
1633396800.0,26.73
1633397100.0,26.73
1633397400.0,26.73
1633397700.0,26.75
1633398000.0,26.75
1633398300.0,26.75
1633398600.0,26.75
1633398900.0,26.75
1633399200.0,26.75
1633399500.0,26.75
1633399800.0,26.75
1633400100.0,26.75
1633400400.0,26.75
1633400700.0,26.75
1633401000.0,26.73
1633401300.0,26.74
1633401600.0,26.74
1633401900.0,26.74
1633402200.0,26.74
1633402500.0,26.76
1633402800.0,26.76
1633403100.0,26.75
1633403400.0,26.75
1633403700.0,26.75
1633404000.0,26.75
1633404300.0,26.75
1633404600.0,26.76
1633404900.0,26.76
1633405200.0,26.76
1633405500.0,26.76
1633405800.0,26.76
1633406100.0,26.75
1633406400.0,26.76
1633406700.0,26.76
1633407000.0,26.76
1633407300.0,26.75
1633407600.0,26.75
1633407600.0,26.75
1633407900.0,26.75
1633408200.0,26.76
1633408500.0,26.76
1633408800.0,26.75
1633409100.0,26.76
1633409400.0,26.76
1633409700.0,26.76
1633410000.0,26.76
1633410300.0,26.76
1633410600.0,26.76
1633410900.0,26.76
1633411200.0,26.76
1633411500.0,26.77
1633411800.0,26.78
1633412100.0,26.78
1633412400.0,26.78
1633412700.0,26.79
1633413000.0,26.79
1633413300.0,26.78
1633413600.0,26.8
1633413900.0,26.79
1633414200.0,26.82
1633414500.0,26.8
1633414800.0,26.81
1633415100.0,26.81
1633415400.0,26.79
1633415700.0,26.79
1633416000.0,26.78
1633416300.0,26.78
1633416600.0,26.78
1633416900.0,26.78
1633417200.0,26.78
1633417500.0,26.78
1633417800.0,26.79
1633418100.0,26.79
1633418400.0,26.78
1633418700.0,26.79
1633419000.0,26.78
1633419300.0,26.78
1633419600.0,26.78
1633419900.0,26.78
1633420200.0,26.77
1633420500.0,26.75
1633420800.0,26.74
1633421100.0,26.73
1633421400.0,26.73
1633421700.0,26.71
1633422000.0,26.72
1633422300.0,26.72
1633422600.0,26.72
1633422900.0,26.73
1633423200.0,26.74
1633423500.0,26.74
1633423800.0,26.74
1633424100.0,26.75
1633424400.0,26.75
1633424700.0,26.74
1633425000.0,26.74
1633425300.0,26.74
1633425600.0,26.74
1633425900.0,26.74
1633426200.0,26.74
1633426500.0,26.73
1633426800.0,26.73
1633427100.0,26.73
1633427400.0,26.73
1633427700.0,26.72
1633428000.0,26.73
1633428300.0,26.73
1633428600.0,26.73
1633428900.0,26.75
1633429200.0,26.76
1633429500.0,26.76
1633429800.0,26.78
1633430100.0,26.77
1633430400.0,26.77
1633430700.0,26.78
1633431000.0,26.8
1633431300.0,26.79
1633431600.0,26.78
1633431900.0,26.76
1633432200.0,26.76
1633432500.0,26.75
1633432800.0,26.75
1633433100.0,26.77
1633433400.0,26.77
1633433700.0,26.78
1633434000.0,26.78
1633434300.0,26.78
1633434600.0,26.76
1633434900.0,26.75
1633435200.0,26.76
1633435500.0,26.75
1633435800.0,26.76
1633436100.0,26.77
1633436400.0,26.79
1633436700.0,26.81
1633437000.0,26.79
1633437300.0,26.79
1633437600.0,26.77
1633437900.0,26.75
1633438200.0,26.76
1633438500.0,26.74
1633438800.0,26.73
1633439100.0,26.74
1633439400.0,26.73
1633439700.0,26.76
1633440000.0,26.77
1633440300.0,26.79
1633440600.0,26.79
1633440900.0,26.78
1633441200.0,26.77
1633441500.0,26.8
1633441800.0,26.77
1633442100.0,26.76
1633442400.0,26.77
1633442700.0,26.76
1633443000.0,26.77
1633443300.0,26.76
1633443600.0,26.76
1633443900.0,26.77
1633444200.0,26.77
1633444500.0,26.77
1633444800.0,26.77
1633445100.0,26.77
1633445400.0,26.77
1633445700.0,26.76
1633446000.0,26.75
1633446300.0,26.73
1633446600.0,26.73
1633446900.0,26.77
1633447200.0,26.73
1633447500.0,26.73
1633447800.0,26.76
1633448100.0,26.76
1633448400.0,26.77
1633448700.0,26.77
1633449000.0,26.79
1633449300.0,26.76
1633449600.0,26.75
1633449900.0,26.75
1633450200.0,26.75
1633450500.0,26.76
1633450800.0,26.77
1633451100.0,26.77
1633451400.0,26.77
1633451700.0,26.78
1633452000.0,26.78
1633452300.0,26.77
1633452600.0,26.76
1633452900.0,26.75
1633453200.0,26.75
1633453500.0,26.76
1633453800.0,26.78
1633454100.0,26.78
1633454400.0,26.76
1633454700.0,26.77
1633455000.0,26.77
1633455300.0,26.77
1633455600.0,26.77
1633455900.0,26.77
1633456200.0,26.79
1633456500.0,26.79
1633456800.0,26.78
1633457100.0,26.77
1633457400.0,26.76
1633457700.0,26.77
1633458000.0,26.76
1633458300.0,26.77
1633458600.0,26.75
1633458900.0,26.75
1633459200.0,26.75
1633459500.0,26.76
1633459800.0,26.76
1633460100.0,26.76
1633460400.0,26.75
1633460700.0,26.76
1633461000.0,26.77
1633461300.0,26.78
1633461600.0,26.78
1633461900.0,26.76
1633462200.0,26.75
1633462500.0,26.75
1633462800.0,26.76
1633463100.0,26.76
1633463400.0,26.75
1633463700.0,26.75
1633464000.0,26.75
1633464300.0,26.75
1633464600.0,26.75
1633464900.0,26.78
1633465200.0,26.75
1633465500.0,26.74
1633465800.0,26.75
1633466100.0,26.73
1633466400.0,26.73
1633466700.0,26.75
1633467000.0,26.73
1633467300.0,26.73
1633467600.0,26.74
1633467900.0,26.75
1633468200.0,26.75
1633468500.0,26.75
1633468800.0,26.73
1633469100.0,26.7
1633469400.0,26.69
1633469700.0,26.65
1633470000.0,26.65
1633470300.0,26.61
1633470600.0,26.61
1633470900.0,26.66
1633471200.0,26.67
1633471500.0,26.59
1633471800.0,26.61
1633472100.0,26.59
1633472400.0,26.61
1633472700.0,26.59
1633473000.0,26.58
1633473300.0,26.59
1633473600.0,26.59
1633473900.0,26.59
1633474200.0,26.58
1633474500.0,26.59
1633474800.0,26.59
1633475100.0,26.58
1633475400.0,26.58
1633475700.0,26.58
1633476000.0,26.58
1633476300.0,26.58
1633476600.0,26.59
1633476900.0,26.59
1633477200.0,26.59
1633477500.0,26.61
1633477800.0,26.6
1633478100.0,26.6
1633478400.0,26.6
1633478700.0,26.6
1633479000.0,26.6
1633479300.0,26.6
1633479600.0,26.6
1633479900.0,26.57
1633480200.0,26.57
1633480500.0,26.57
1633480800.0,26.57
1633481100.0,26.57
1633481400.0,26.58
1633481700.0,26.58
1633482000.0,26.58
1633482300.0,26.58
1633482600.0,26.58
1633482900.0,26.58
1633483200.0,26.57
1633483500.0,26.57
1633483800.0,26.59
1633484100.0,26.59
1633484400.0,26.56
1633484700.0,26.55
1633485000.0,26.55
1633485300.0,26.56
1633485600.0,26.56
1633485900.0,26.56
1633486200.0,26.56
1633486500.0,26.54
1633486800.0,26.54
1633487100.0,26.54
1633487400.0,26.54
1633487700.0,26.58
1633488000.0,26.58
1633488300.0,26.58
1633488600.0,26.59
1633488900.0,26.63
1633489200.0,26.63
1633489500.0,26.59
1633489800.0,26.59
1633490100.0,26.59
1633490400.0,26.59
1633490700.0,26.59
1633491000.0,26.59
1633491300.0,26.59
1633491600.0,26.59
1633491900.0,26.59
1633492200.0,26.59
1633492500.0,26.6
1633492800.0,26.6
1633493100.0,26.58
1633493400.0,26.58
1633493700.0,26.57
1633494000.0,26.58
1633494300.0,26.57
1633494600.0,26.59
1633494900.0,26.59
1633495200.0,26.59
1633495500.0,26.57
1633495800.0,26.58
1633496100.0,26.57
1633496400.0,26.57
1633496700.0,26.58
1633497000.0,26.58
1633497300.0,26.58
1633497600.0,26.58
1633497900.0,26.57
1633498200.0,26.62
1633498500.0,26.59
1633498800.0,26.61
1633499100.0,26.62
1633499400.0,26.61
1633499700.0,26.61
1633500000.0,26.6
1633500300.0,26.61
1633500600.0,26.61
1633500900.0,26.6
1633501200.0,26.61
1633501500.0,26.57
1633501800.0,26.58
1633502100.0,26.57
1633502400.0,26.57
1633502700.0,26.57
1633503000.0,26.54
1633503300.0,26.59
1633503600.0,26.59
1633503900.0,26.58
1633504200.0,26.59
1633504500.0,26.59
1633504800.0,26.58
1633505100.0,26.57
1633505400.0,26.58
1633505700.0,26.57
1633506000.0,26.58
1633506300.0,26.6
1633506600.0,26.59
1633506900.0,26.59
1633507200.0,26.6
1633507500.0,26.59
1633507800.0,26.61
1633508100.0,26.6
1633508400.0,26.59
1633508700.0,26.6
1633509000.0,26.58
1633509300.0,26.57
1633509600.0,26.59
1633509900.0,26.57
1633510200.0,26.57
1633510500.0,26.59
1633510800.0,26.59
1633511100.0,26.59
1633511400.0,26.59
1633511700.0,26.59
1633512000.0,26.58
1633512300.0,26.59
1633512600.0,26.59
1633512900.0,26.59
1633513200.0,26.59
1633513500.0,26.59
1633513800.0,26.59
1633514100.0,26.58
1633514400.0,26.59
1633514700.0,26.58
1633515000.0,26.59
1633515300.0,26.59
1633515600.0,26.6
1633515900.0,26.6
1633516200.0,26.61
1633516500.0,26.6
1633516800.0,26.61
1633517100.0,26.61
1633517400.0,26.6
1633517700.0,26.6
1633518000.0,26.6
1633518300.0,26.61
1633518600.0,26.61
1633518900.0,26.59
1633519200.0,26.58
1633519500.0,26.5
1633519800.0,26.49
1633520100.0,26.56
1633520400.0,26.53
1633520700.0,26.52
1633521000.0,26.49
1633521300.0,26.51
1633521600.0,26.49
1633521900.0,26.47
1633522200.0,26.48
1633522500.0,26.49
1633522800.0,26.5
1633523100.0,26.49
1633523400.0,26.5
1633523700.0,26.5
1633524000.0,26.46
1633524300.0,26.5
1633524600.0,26.43
1633524900.0,26.48
1633525200.0,26.46
1633525500.0,26.47
1633525800.0,26.48
1633526100.0,26.46
1633526400.0,26.49
1633526700.0,26.47
1633527000.0,26.5
1633527300.0,26.49
1633527600.0,26.5
1633527900.0,26.48
1633528200.0,26.46
1633528500.0,26.48
1633528800.0,26.49
1633529100.0,26.45
1633529400.0,26.48
1633529700.0,26.44
1633530000.0,26.46
1633530300.0,26.44
1633530600.0,26.43
1633530900.0,26.48
1633531200.0,26.48
1633531500.0,26.49
1633531800.0,26.49
1633532100.0,26.46
1633532400.0,26.5
1633532700.0,26.5
1633533000.0,26.46
1633533300.0,26.45
1633533600.0,26.47
1633533900.0,26.49
1633534200.0,26.49
1633534500.0,26.48
1633534800.0,26.49
1633535100.0,26.49
1633535400.0,26.49
1633535700.0,26.48
1633536000.0,26.5
1633536300.0,26.5
1633536600.0,26.5
1633536900.0,26.5
1633537200.0,26.49
1633537500.0,26.48
1633537800.0,26.49
1633538100.0,26.48
1633538400.0,26.46
1633538700.0,26.48
1633539000.0,26.48
1633539300.0,26.47
1633539600.0,26.47
1633539900.0,26.46
1633540200.0,26.45
1633540500.0,26.44
1633540800.0,26.44
1633541100.0,26.44
1633541400.0,26.41
1633541700.0,26.42
1633542000.0,26.44
1633542300.0,26.48
1633542600.0,26.47
1633542900.0,26.43
1633543200.0,26.43
1633543500.0,26.46
1633543800.0,26.45
1633544100.0,26.46
1633544400.0,26.48
1633544700.0,26.45
1633545000.0,26.47
1633545300.0,26.48
1633545600.0,26.46
1633545900.0,26.44
1633546200.0,26.44
1633546500.0,26.45
1633546800.0,26.45
1633547100.0,26.47
1633547400.0,26.47
1633547700.0,26.47
1633548000.0,26.48
1633548300.0,26.48
1633548600.0,26.45
1633548900.0,26.44
1633549200.0,26.42
1633549500.0,26.43
1633549800.0,26.44
1633550100.0,26.45
1633550400.0,26.48
1633550700.0,26.44
1633551000.0,26.43
1633551300.0,26.47
1633551600.0,26.45
1633551900.0,26.45
1633552200.0,26.45
1633552500.0,26.45
1633552800.0,26.44
1633553100.0,26.44
1633553400.0,26.44
1633553700.0,26.43
1633554000.0,26.42
1633554300.0,26.42
1633554600.0,26.41
1633554900.0,26.42
1633555200.0,26.43
1633555500.0,26.44
1633555800.0,26.43
1633556100.0,26.42
1633556400.0,26.42
1633556700.0,26.43
1633557000.0,26.47
1633557300.0,26.47
1633557300.0,26.47
1633557600.0,26.45
1633557900.0,26.44
1633558200.0,26.45
1633558500.0,26.44
1633558800.0,26.43
1633559100.0,26.4
1633559400.0,26.43
1633559700.0,26.42
1633560000.0,26.4
1633560300.0,26.42
1633560600.0,26.41
1633560900.0,26.38
1633561200.0,26.41
1633561500.0,26.42
1633561800.0,26.42
1633562100.0,26.44
1633562400.0,26.43
1633562700.0,26.43
1633563000.0,26.41
1633563300.0,26.4
1633563600.0,26.4
1633563900.0,26.39
1633564200.0,26.39
1633564500.0,26.39
1633564800.0,26.39
1633565100.0,26.39
1633565400.0,26.42
1633565700.0,26.41
1633566000.0,26.41
1633566300.0,26.41
1633566600.0,26.41
1633566900.0,26.4
1633567200.0,26.4
1633567500.0,26.4
1633567800.0,26.4
1633568100.0,26.4
1633568400.0,26.4
1633568700.0,26.4
1633569000.0,26.4
1633569300.0,26.44
1633569600.0,26.43
1633569900.0,26.43
1633570200.0,26.43
1633570500.0,26.43
1633570800.0,26.43
1633571100.0,26.4
1633571400.0,26.4
1633571700.0,26.4
1633572000.0,26.4
1633572300.0,26.43
1633572600.0,26.43
1633572900.0,26.43
1633573200.0,26.42
1633573500.0,26.42
1633573800.0,26.42
1633574100.0,26.42
1633574400.0,26.42
1633574700.0,26.42
1633575000.0,26.42
1633575300.0,26.42
1633575600.0,26.4
1633575900.0,26.4
1633576200.0,26.4
1633576500.0,26.38
1633576800.0,26.38
1633577100.0,26.38
1633577400.0,26.38
1633577700.0,26.41
1633578000.0,26.4
1633578300.0,26.42
1633578600.0,26.4
1633578900.0,26.39
1633579200.0,26.4
1633579500.0,26.42
1633579800.0,26.38
1633580100.0,26.41
1633580400.0,26.42
1633580700.0,26.4
1633581000.0,26.38
1633581300.0,26.41
1633581600.0,26.42
1633581900.0,26.43
1633582200.0,26.42
1633582500.0,26.43
1633582800.0,26.42
1633583100.0,26.43
1633583400.0,26.43
1633583700.0,26.43
1633584000.0,26.43
1633584300.0,26.43
1633584600.0,26.42
1633584900.0,26.43
1633585200.0,26.43
1633585500.0,26.42
1633585800.0,26.43
1633586100.0,26.38
1633586400.0,26.41
1633586700.0,26.42
1633587000.0,26.43
1633587300.0,26.43
1633587600.0,26.44
1633587900.0,26.42
1633588200.0,26.43
1633588500.0,26.43
1633588800.0,26.43
1633589100.0,26.43
1633589400.0,26.42
1633589700.0,26.43
1633590000.0,26.43
1633590300.0,26.42
1633590600.0,26.43
1633590900.0,26.43
1633591200.0,26.44
1633591500.0,26.44
1633591800.0,26.44
1633592100.0,26.43
1633592400.0,26.45
1633592700.0,26.45
1633593000.0,26.45
1633593300.0,26.46
1633593600.0,26.46
1633593900.0,26.46
1633594200.0,26.45
1633594500.0,26.46
1633594800.0,26.46
1633595100.0,26.47
1633595400.0,26.46
1633595700.0,26.47
1633596000.0,26.46
1633596300.0,26.47
1633596600.0,26.47
1633596900.0,26.46
1633597200.0,26.45
1633597500.0,26.46
1633597800.0,26.46
1633598100.0,26.46
1633598400.0,26.46
1633598700.0,26.46
1633599000.0,26.46
1633599300.0,26.46
1633599600.0,26.47
1633599900.0,26.47
1633600200.0,26.47
1633600500.0,26.46
1633600800.0,26.48
1633601100.0,26.48
1633601400.0,26.49
1633601700.0,26.49
1633602000.0,26.47
1633602300.0,26.48
1633602600.0,26.48
1633602900.0,26.5
1633603200.0,26.48
1633603500.0,26.5
1633603800.0,26.5
1633604100.0,26.5
1633604400.0,26.5
1633604700.0,26.49
1633605000.0,26.48
1633605300.0,26.49
1633605600.0,26.48
1633605900.0,26.49
1633606200.0,26.49
1633606500.0,26.5
1633606800.0,26.54
1633607100.0,26.53
1633607400.0,26.54
1633607700.0,26.52
1633608000.0,26.52
1633608300.0,26.51
1633608600.0,26.51
1633608900.0,26.5
1633609200.0,26.51
1633609500.0,26.53
1633609800.0,26.53
1633610100.0,26.5
1633610400.0,26.5
1633610700.0,26.49
1633611000.0,26.49
1633611300.0,26.47
1633611600.0,26.48
1633611900.0,26.49
1633612200.0,26.49
1633612500.0,26.51
1633612800.0,26.53
1633613100.0,26.52
1633613400.0,26.53
1633613700.0,26.53
1633614000.0,26.53
1633614300.0,26.53
1633614600.0,26.53
1633614900.0,26.51
1633615200.0,26.51
1633615500.0,26.51
1633615800.0,26.52
1633616100.0,26.51
1633616400.0,26.52
1633616700.0,26.52
1633617000.0,26.52
1633617300.0,26.51
1633617600.0,26.52
1633617900.0,26.51
1633618200.0,26.52
1633618500.0,26.52
1633618800.0,26.52
1633619100.0,26.52
1633619400.0,26.53
1633619700.0,26.53
1633620000.0,26.52
1633620300.0,26.53
1633620600.0,26.53
1633620900.0,26.53
1633621200.0,26.53
1633621500.0,26.53
1633621800.0,26.54
1633622100.0,26.53
1633622400.0,26.54
1633622700.0,26.54
1633623000.0,26.54
1633623300.0,26.54
1633623600.0,26.54
1633623900.0,26.54
1633624200.0,26.56
1633624500.0,26.55
1633624800.0,26.55
1633625100.0,26.53
1633625400.0,26.5
1633625700.0,26.51
1633626000.0,26.47
1633626300.0,26.41
1633626600.0,26.43
1633626900.0,26.51
1633627200.0,26.48
1633627500.0,26.44
1633627800.0,26.45
1633628100.0,26.47
1633628400.0,26.53
1633628700.0,26.58
1633629000.0,26.56
1633629300.0,26.54
1633629600.0,26.46
1633629900.0,26.37
1633630200.0,26.37
1633630500.0,26.46
1633630800.0,26.52
1633631100.0,26.54
1633631400.0,26.5
1633631700.0,26.56
1633632000.0,26.53
1633632300.0,26.51
1633632600.0,26.52
1633632900.0,26.54
1633633200.0,26.52
1633633500.0,26.52
1633633800.0,26.52
1633634100.0,26.52
1633634400.0,26.48
1633634700.0,26.45
1633635000.0,26.49
1633635300.0,26.49
1633635600.0,26.43
1633635900.0,26.46
1633636200.0,26.45
1633636500.0,26.43
1633636800.0,26.42
1633637100.0,26.43
1633637400.0,26.43
1633637700.0,26.42
1633638000.0,26.43
1633638300.0,26.5
1633638600.0,26.51
1633638900.0,26.42
1633639200.0,26.41
1633639500.0,26.42
1633639800.0,26.44
1633640100.0,26.44
1633640400.0,26.45
1633640700.0,26.45
1633641000.0,26.45
1633641300.0,26.46
1633641600.0,26.46
1633641900.0,26.45
1633642200.0,26.5
1633642500.0,26.46
1633642800.0,26.46
1633643100.0,26.44
1633643400.0,26.42
1633643700.0,26.39
1633644000.0,26.4
1633644300.0,26.4
1633644600.0,26.4
1633644900.0,26.46
1633645200.0,26.46
1633645500.0,26.46
1633645800.0,26.45
1633646100.0,26.44
1633646400.0,26.43
1633646700.0,26.43
1633647000.0,26.43
1633647300.0,26.43
1633647600.0,26.43
1633647900.0,26.44
1633648200.0,26.44
1633648500.0,26.43
1633648800.0,26.44
1633649100.0,26.44
1633649400.0,26.44
1633649700.0,26.44
1633650000.0,26.44
1633650300.0,26.44
1633650600.0,26.44
1633650900.0,26.44
1633651200.0,26.45
1633651500.0,26.49
1633651800.0,26.59
1633652100.0,26.61
1633652400.0,26.57
1633652700.0,26.62
1633653000.0,26.6
1633653300.0,26.57
1633653600.0,26.52
1633653900.0,26.49
1633654200.0,26.47
1633654500.0,26.44
1633654800.0,26.43
1633655100.0,26.43
1633655400.0,26.43
1633655700.0,26.42
1633656000.0,26.41
1633656300.0,26.4
1633656600.0,26.4
1633656900.0,26.4
1633657200.0,26.4
1633657500.0,26.46
1633657800.0,26.46
1633658100.0,26.44
1633658400.0,26.44
1633658700.0,26.46
1633659000.0,26.44
1633659300.0,26.44
1633659600.0,26.44
1633659900.0,26.44
1633660200.0,26.44
1633660500.0,26.42
1633660800.0,26.42
1633661100.0,26.41
1633661400.0,26.41
1633661700.0,26.41
1633662000.0,26.43
1633662300.0,26.43
1633662600.0,26.43
1633662900.0,26.41
1633663200.0,26.38
1633663500.0,26.43
1633663800.0,26.39
1633664100.0,26.43
1633664400.0,26.39
1633664700.0,26.39
1633665000.0,26.41
1633665300.0,26.41
1633665600.0,26.43
1633665900.0,26.43
1633666200.0,26.42
1633666500.0,26.42
1633666800.0,26.42
1633667100.0,26.43
1633667400.0,26.39
1633667700.0,26.43
1633668000.0,26.42
1633668300.0,26.43
1633668600.0,26.42
1633668900.0,26.42
1633669200.0,26.42
1633669500.0,26.42
1633669800.0,26.42
1633670100.0,26.42
1633670400.0,26.4
1633670700.0,26.42
1633671000.0,26.42
1633671300.0,26.4
1633671600.0,26.43
1633671900.0,26.43
1633672200.0,26.43
1633672500.0,26.43
1633672800.0,26.43
1633673100.0,26.43
1633673400.0,26.43
1633673700.0,26.43
1633674000.0,26.42
1633674300.0,26.4
1633674600.0,26.42
1633674900.0,26.42
1633675200.0,26.43
1633675500.0,26.42
1633675800.0,26.42
1633676100.0,26.42
1633676400.0,26.42
1633676700.0,26.43
1633677000.0,26.43
1633677300.0,26.43
1633677600.0,26.43
1633677900.0,26.45
1633678200.0,26.45
1633678500.0,26.43
1633678800.0,26.44
1633679100.0,26.46
1633679400.0,26.46
1633679700.0,26.46
1633680000.0,26.44
1633680300.0,26.46
1633680600.0,26.42
1633680900.0,26.41
1633681200.0,26.41
1633681500.0,26.39
1633681800.0,26.38
1633682100.0,26.43
1633682400.0,26.4
1633682700.0,26.39
1633683000.0,26.42
1633683300.0,26.42
1633683600.0,26.41
1633683900.0,26.42
1633684200.0,26.41
1633684500.0,26.42
1633684800.0,26.42
1633685100.0,26.41
1633685400.0,26.41
1633685700.0,26.41
1633686000.0,26.43
1633686300.0,26.41
1633686600.0,26.43
1633686900.0,26.41
1633687200.0,26.41
1633687500.0,26.42
1633687800.0,26.44
1633688100.0,26.44
1633688400.0,26.44
1633688700.0,26.43
1633689000.0,26.44
1633689300.0,26.44
1633689600.0,26.43
1633689900.0,26.44
1633690200.0,26.44
1633690500.0,26.44
1633690800.0,26.43
1633691100.0,26.44
1633691400.0,26.42
1633691700.0,26.44
1633692000.0,26.44
1633692300.0,26.44
1633692600.0,26.45
1633692900.0,26.45
1633693200.0,26.47
1633693500.0,26.46
1633693800.0,26.46
1633694100.0,26.45
1633694400.0,26.46
1633694700.0,26.46
1633695000.0,26.46
1633695300.0,26.46
1633695600.0,26.45
1633695900.0,26.44
1633696200.0,26.46
1633696500.0,26.46
1633696800.0,26.46
1633697100.0,26.46
1633697400.0,26.46
1633697700.0,26.45
1633698000.0,26.45
1633698300.0,26.46
1633698600.0,26.45
1633698900.0,26.44
1633699200.0,26.46
1633699500.0,26.46
1633699800.0,26.45
1633700100.0,26.42
1633700400.0,26.42
1633700700.0,26.38
1633701000.0,26.43
1633701300.0,26.38
1633701600.0,26.39
1633701900.0,26.36
1633702200.0,26.46
1633702500.0,26.45
1633702800.0,26.41
1633703100.0,26.41
1633703400.0,26.42
1633703700.0,26.43
1633704000.0,26.38
1633704300.0,26.4
1633704600.0,26.38
1633704900.0,26.39
1633705200.0,26.4
1633705500.0,26.47
1633705800.0,26.46
1633706100.0,26.46
1633706400.0,26.41
1633706700.0,26.4
1633707000.0,26.42
1633707000.0,26.42
1633707300.0,26.37
1633707600.0,26.38
1633707900.0,26.37
1633708200.0,26.4
1633708500.0,26.36
1633708800.0,26.37
1633709100.0,26.43
1633709400.0,26.4
1633709700.0,26.43
1633710000.0,26.48
1633710300.0,26.47
1633710600.0,26.42
1633710900.0,26.48
1633711200.0,26.46
1633711500.0,26.48
1633711800.0,26.48
1633712100.0,26.43
1633712400.0,26.42
1633712700.0,26.54
1633713000.0,26.49
1633713300.0,26.49
1633713600.0,26.49
1633713900.0,26.48
1633714200.0,26.47
1633714500.0,26.46
1633714800.0,26.47
1633715100.0,26.46
1633715400.0,26.47
1633715700.0,26.46
1633716000.0,26.47
1633716300.0,26.47
1633716600.0,26.46
1633716900.0,26.46
1633717200.0,26.47
1633717500.0,26.46
1633717800.0,26.45
1633718100.0,26.46
1633718400.0,26.47
1633718700.0,26.47
1633719000.0,26.47
1633719300.0,26.47
1633719600.0,26.45
1633719900.0,26.49
1633720200.0,26.47
1633720500.0,26.48
1633720800.0,26.49
1633721100.0,26.49
1633721400.0,26.48
1633721700.0,26.48
1633722000.0,26.47
1633722300.0,26.46
1633722600.0,26.41
1633722900.0,26.42
1633723200.0,26.38
1633723500.0,26.38
1633723800.0,26.41
1633724100.0,26.41
1633724400.0,26.45
1633724700.0,26.38
1633725000.0,26.45
1633725300.0,26.39
1633725600.0,26.4
1633725900.0,26.38
1633726200.0,26.38
1633726500.0,26.31
1633726800.0,26.32
1633727100.0,26.37
1633727400.0,26.35
1633727700.0,26.31
1633728000.0,26.45
1633728300.0,26.45
1633728600.0,26.32
1633728900.0,26.43
1633729200.0,26.45
1633729500.0,26.46
1633729800.0,26.48
1633730100.0,26.48
1633730400.0,26.44
1633730700.0,26.48
1633731000.0,26.48
1633731300.0,26.49
1633731600.0,26.49
1633731900.0,26.49
1633732200.0,26.48
1633732500.0,26.48
1633732800.0,26.48
1633733100.0,26.48
1633733400.0,26.48
1633733700.0,26.48
1633734000.0,26.43
1633734300.0,26.49
1633734600.0,26.49
1633734900.0,26.43
1633735200.0,26.43
1633735500.0,26.43
1633735800.0,26.43
1633736100.0,26.49
1633736400.0,26.49
1633736700.0,26.43
1633737000.0,26.48
1633737300.0,26.48
1633737600.0,26.48
1633737900.0,26.48
1633738200.0,26.41
1633738500.0,26.41
1633738800.0,26.41
1633739100.0,26.47
1633739400.0,26.47
1633739700.0,26.47
1633740000.0,26.47
1633740300.0,26.47
1633740600.0,26.47
1633740900.0,26.42
1633741200.0,26.47
1633741500.0,26.47
1633741800.0,26.47
1633742100.0,26.41
1633742400.0,26.4
1633742700.0,26.4
1633743000.0,26.46
1633743300.0,26.46
1633743600.0,26.4
1633743900.0,26.37
1633744200.0,26.37
1633744500.0,26.46
1633744800.0,26.46
1633745100.0,26.46
1633745400.0,26.46
1633745700.0,26.46
1633746000.0,26.4
1633746300.0,26.4
1633746600.0,26.4
1633746900.0,26.4
1633747200.0,26.4
1633747500.0,26.4
1633747800.0,26.4
1633748100.0,26.46
1633748400.0,26.4
1633748700.0,26.46
1633749000.0,26.46
1633749300.0,26.46
1633749600.0,26.4
1633749900.0,26.4
1633750200.0,26.4
1633750500.0,26.4
1633750800.0,26.4
1633751100.0,26.41
1633751400.0,26.41
1633751700.0,26.41
1633752000.0,26.41
1633752300.0,26.41
1633752600.0,26.41
1633752900.0,26.46
1633753200.0,26.46
1633753500.0,26.41
1633753800.0,26.41
1633754100.0,26.41
1633754400.0,26.4
1633754700.0,26.46
1633755000.0,26.4
1633755300.0,26.47
1633755600.0,26.47
1633755900.0,26.4
1633756200.0,26.4
1633756500.0,26.42
1633756800.0,26.42
1633757100.0,26.42
1633757400.0,26.47
1633757700.0,26.47
1633758000.0,26.47
1633758300.0,26.45
1633758600.0,26.46
1633758900.0,26.46
1633759200.0,26.46
1633759500.0,26.46
1633759800.0,26.48
1633760100.0,26.48
1633760400.0,26.48
1633760700.0,26.48
1633761000.0,26.48
1633761300.0,26.48
1633761600.0,26.49
1633761900.0,26.49
1633762200.0,26.48
1633762500.0,26.48
1633762800.0,26.49
1633763100.0,26.48
1633763400.0,26.48
1633763700.0,26.49
1633764000.0,26.49
1633764300.0,26.48
1633764600.0,26.49
1633764900.0,26.46
1633765200.0,26.47
1633765500.0,26.47
1633765800.0,26.47
1633766100.0,26.45
1633766400.0,26.45
1633766700.0,26.45
1633767000.0,26.47
1633767300.0,26.45
1633767600.0,26.47
1633767900.0,26.47
1633768200.0,26.47
1633768500.0,26.47
1633768800.0,26.47
1633769100.0,26.47
1633769400.0,26.46
1633769700.0,26.46
1633770000.0,26.45
1633770300.0,26.47
1633770600.0,26.47
1633770900.0,26.47
1633771200.0,26.45
1633771500.0,26.47
1633771800.0,26.45
1633772100.0,26.48
1633772400.0,26.46
1633772700.0,26.47
1633773000.0,26.48
1633773300.0,26.47
1633773600.0,26.48
1633773900.0,26.47
1633774200.0,26.48
1633774500.0,26.48
1633774800.0,26.48
1633775100.0,26.47
1633775400.0,26.48
1633775700.0,26.47
1633776000.0,26.47
1633776300.0,26.47
1633776600.0,26.46
1633776900.0,26.47
1633777200.0,26.46
1633777500.0,26.46
1633777800.0,26.46
1633778100.0,26.44
1633778400.0,26.46
1633778700.0,26.46
1633779000.0,26.45
1633779300.0,26.46
1633779600.0,26.46
1633779900.0,26.47
1633780200.0,26.46
1633780500.0,26.46
1633780800.0,26.46
1633781100.0,26.46
1633781400.0,26.46
1633781700.0,26.47
1633782000.0,26.47
1633782300.0,26.47
1633782600.0,26.45
1633782900.0,26.47
1633783200.0,26.47
1633783500.0,26.47
1633783800.0,26.47
1633784100.0,26.45
1633784400.0,26.47
1633784700.0,26.45
1633785000.0,26.46
1633785300.0,26.47
1633785600.0,26.46
1633785900.0,26.47
1633786200.0,26.45
1633786500.0,26.47
1633786800.0,26.45
1633787100.0,26.45
1633787400.0,26.46
1633787700.0,26.46
1633788000.0,26.47
1633788300.0,26.47
1633788600.0,26.46
1633788900.0,26.47
1633789200.0,26.47
1633789500.0,26.46
1633789800.0,26.47
1633790100.0,26.46
1633790400.0,26.48
1633790700.0,26.46
1633791000.0,26.46
1633791300.0,26.46
1633791600.0,26.46
1633791900.0,26.46
1633792200.0,26.48
1633792500.0,26.48
1633792800.0,26.48
1633793100.0,26.47
1633793400.0,26.48
1633793700.0,26.48
1633794000.0,26.48
1633794300.0,26.47
1633794600.0,26.47
1633794900.0,26.48
1633795200.0,26.48
1633795500.0,26.47
1633795800.0,26.47
1633796100.0,26.47
1633796400.0,26.48
1633796700.0,26.48
1633797000.0,26.47
1633797300.0,26.48
1633797600.0,26.47
1633797900.0,26.48
1633798200.0,26.48
1633798500.0,26.48
1633798800.0,26.47
1633799100.0,26.48
1633799400.0,26.48
1633799700.0,26.47
1633800000.0,26.47
1633800300.0,26.47
1633800600.0,26.46
1633800900.0,26.47
1633801200.0,26.47
1633801500.0,26.45
1633801800.0,26.48
1633802100.0,26.47
1633802400.0,26.47
1633802700.0,26.47
1633803000.0,26.49
1633803300.0,26.49
1633803600.0,26.47
1633803900.0,26.46
1633804200.0,26.41
1633804500.0,26.42
1633804800.0,26.4
1633805100.0,26.36
1633805400.0,26.44
1633805700.0,26.46
1633806000.0,26.42
1633806300.0,26.42
1633806600.0,26.45
1633806900.0,26.47
1633807200.0,26.42
1633807500.0,26.45
1633807800.0,26.42
1633808100.0,26.45
1633808400.0,26.42
1633808700.0,26.42
1633809000.0,26.42
1633809300.0,26.45
1633809600.0,26.4
1633809900.0,26.4
1633810200.0,26.34
1633810500.0,26.37
1633810800.0,26.35
1633811100.0,26.35
1633811400.0,26.4
1633811700.0,26.35
1633812000.0,26.35
1633812300.0,26.39
1633812600.0,26.38
1633812900.0,26.42
1633813200.0,26.45
1633813500.0,26.46
1633813800.0,26.46
1633814100.0,26.47
1633814400.0,26.42
1633814700.0,26.43
1633815000.0,26.43
1633815300.0,26.47
1633815600.0,26.47
1633815900.0,26.47
1633816200.0,26.43
1633816500.0,26.42
1633816800.0,26.46
1633817100.0,26.43
1633817400.0,26.47
1633817700.0,26.47
1633818000.0,26.47
1633818300.0,26.42
1633818600.0,26.42
1633818900.0,26.46
1633819200.0,26.46
1633819500.0,26.41
1633819800.0,26.46
1633820100.0,26.43
1633820400.0,26.46
1633820700.0,26.46
1633821000.0,26.47
1633821300.0,26.42
1633821600.0,26.42
1633821900.0,26.47
1633822200.0,26.47
1633822500.0,26.47
1633822800.0,26.47
1633823100.0,26.47
1633823400.0,26.47
1633823700.0,26.47
1633824000.0,26.41
1633824300.0,26.41
1633824600.0,26.41
1633824900.0,26.41
1633825200.0,26.47
1633825500.0,26.42
1633825800.0,26.42
1633826100.0,26.42
1633826400.0,26.42
1633826700.0,26.41
1633827000.0,26.4
1633827300.0,26.4
1633827600.0,26.4
1633827900.0,26.4
1633828200.0,26.4
1633828500.0,26.4
1633828800.0,26.4
1633829100.0,26.4
1633829400.0,26.4
1633829700.0,26.4
1633830000.0,26.4
1633830300.0,26.4
1633830600.0,26.4
1633830900.0,26.4
1633831200.0,26.4
1633831500.0,26.4
1633831800.0,26.4
1633832100.0,26.42
1633832400.0,26.42
1633832700.0,26.42
1633833000.0,26.42
1633833300.0,26.42
1633833600.0,26.42
1633833900.0,26.42
1633834200.0,26.42
1633834500.0,26.42
1633834800.0,26.42
1633835100.0,26.42
1633835400.0,26.42
1633835700.0,26.42
1633836000.0,26.42
1633836300.0,26.42
1633836600.0,26.42
1633836900.0,26.42
1633837200.0,26.45
1633837500.0,26.45
1633837800.0,26.45
1633838100.0,26.45
1633838400.0,26.45
1633838700.0,26.45
1633839000.0,26.45
1633839300.0,26.45
1633839600.0,26.45
1633839900.0,26.45
1633840200.0,26.45
1633840500.0,26.45
1633840800.0,26.45
1633841100.0,26.41
1633841400.0,26.45
1633841700.0,26.45
1633842000.0,26.41
1633842300.0,26.41
1633842600.0,26.42
1633842900.0,26.42
1633843200.0,26.43
1633843500.0,26.44
1633843800.0,26.44
1633844100.0,26.45
1633844400.0,26.45
1633844700.0,26.46
1633845000.0,26.46
1633845300.0,26.47
1633845600.0,26.42
1633845900.0,26.41
1633846200.0,26.41
1633846500.0,26.4
1633846800.0,26.41
1633847100.0,26.4
1633847400.0,26.41
1633847700.0,26.45
1633848000.0,26.42
1633848300.0,26.44
1633848600.0,26.47
1633848900.0,26.44
1633849200.0,26.42
1633849500.0,26.42
1633849800.0,26.42
1633850100.0,26.42
1633850400.0,26.42
1633850700.0,26.36
1633851000.0,26.36
1633851300.0,26.36
1633851600.0,26.43
1633851900.0,26.45
1633852200.0,26.46
1633852500.0,26.42
1633852800.0,26.42
1633853100.0,26.42
1633853400.0,26.45
1633853700.0,26.43
1633854000.0,26.45
1633854300.0,26.47
1633854600.0,26.44
1633854900.0,26.46
1633855200.0,26.44
1633855500.0,26.43
1633855800.0,26.44
1633856100.0,26.44
1633856400.0,26.45
1633856700.0,26.45
1633856700.0,26.45
1633857000.0,26.42
1633857300.0,26.48
1633857600.0,26.48
1633857900.0,26.46
1633858200.0,26.47
1633858500.0,26.48
1633858800.0,26.47
1633859100.0,26.47
1633859400.0,26.46
1633859700.0,26.47
1633860000.0,26.47
1633860300.0,26.48
1633860600.0,26.48
1633860900.0,26.47
1633861200.0,26.47
1633861500.0,26.46
1633861800.0,26.47
1633862100.0,26.47
1633862400.0,26.46
1633862700.0,26.47
1633863000.0,26.47
1633863300.0,26.48
1633863600.0,26.48
1633863900.0,26.47
1633864200.0,26.46
1633864500.0,26.47
1633864800.0,26.47
1633865100.0,26.47
1633865400.0,26.48
1633865700.0,26.47
1633866000.0,26.47
1633866300.0,26.47
1633866600.0,26.48
1633866900.0,26.46
1633867200.0,26.47
1633867500.0,26.47
1633867800.0,26.46
1633868100.0,26.47
1633868400.0,26.47
1633868700.0,26.48
1633869000.0,26.48
1633869300.0,26.46
1633869600.0,26.47
1633869900.0,26.46
1633870200.0,26.46
1633870500.0,26.47
1633870800.0,26.47
1633871100.0,26.46
1633871400.0,26.47
1633871700.0,26.46
1633872000.0,26.45
1633872300.0,26.45
1633872600.0,26.47
1633872900.0,26.46
1633873200.0,26.45
1633873500.0,26.45
1633873800.0,26.46
1633874100.0,26.45
1633874400.0,26.47
1633874700.0,26.46
1633875000.0,26.47
1633875300.0,26.46
1633875600.0,26.46
1633875900.0,26.47
1633876200.0,26.47
1633876500.0,26.47
1633876800.0,26.46
1633877100.0,26.46
1633877400.0,26.47
1633877700.0,26.46
1633878000.0,26.47
1633878300.0,26.47
1633878600.0,26.47
1633878900.0,26.46
1633879200.0,26.46
1633879500.0,26.46
1633879800.0,26.46
1633880100.0,26.44
1633880400.0,26.46
1633880700.0,26.46
1633881000.0,26.48
1633881300.0,26.47
1633881600.0,26.48
1633881900.0,26.46
1633882200.0,26.46
1633882500.0,26.46
1633882800.0,26.46
1633883100.0,26.46
1633883400.0,26.47
1633883700.0,26.46
1633884000.0,26.46
1633884300.0,26.45
1633884600.0,26.47
1633884900.0,26.47
1633885200.0,26.45
1633885500.0,26.48
1633885800.0,26.47
1633886100.0,26.47
1633886400.0,26.45
1633886700.0,26.48
1633887000.0,26.48
1633887300.0,26.48
1633887600.0,26.47
1633887900.0,26.47
1633888200.0,26.47
1633888500.0,26.47
1633888800.0,26.48
1633889100.0,26.45
1633889400.0,26.46
1633889700.0,26.48
1633890000.0,26.47
1633890300.0,26.46
1633890600.0,26.46
1633890900.0,26.47
1633891200.0,26.46
1633891500.0,26.46
1633891800.0,26.45
1633892100.0,26.48
1633892400.0,26.48
1633892700.0,26.48
1633893000.0,26.48
1633893300.0,26.48
1633893600.0,26.48
1633893900.0,26.47
1633894200.0,26.48
1633894500.0,26.47
1633894800.0,26.47
1633895100.0,26.46
1633895400.0,26.46
1633895700.0,26.47
1633896000.0,26.47
1633896300.0,26.48
1633896600.0,26.47
1633896900.0,26.47
1633897200.0,26.47
1633897500.0,26.46
1633897800.0,26.46
1633898100.0,26.46
1633898400.0,26.47
1633898700.0,26.48
1633899000.0,26.46
1633899300.0,26.47
1633899600.0,26.47
1633899900.0,26.48
1633900200.0,26.47
1633900500.0,26.46
1633900800.0,26.46
1633901100.0,26.46
1633901400.0,26.46
1633901700.0,26.45
1633902000.0,26.46
1633902300.0,26.45
1633902600.0,26.45
1633902900.0,26.48
1633903200.0,26.48
1633903500.0,26.45
1633903800.0,26.48
1633904100.0,26.46
1633904400.0,26.46
1633904700.0,26.48
1633905000.0,26.49
1633905300.0,26.49
1633905600.0,26.49
1633905900.0,26.47
1633906200.0,26.47
1633906500.0,26.47
1633906800.0,26.45
1633907100.0,26.49
1633907400.0,26.49
1633907700.0,26.46
1633908000.0,26.46
1633908300.0,26.46
1633908600.0,26.46
1633908900.0,26.48
1633909200.0,26.48
1633909500.0,26.47
1633909800.0,26.49
1633910100.0,26.49
1633910400.0,26.46
1633910700.0,26.45
1633911000.0,26.45
1633911300.0,26.45
1633911600.0,26.45
1633911900.0,26.49
1633912200.0,26.46
1633912500.0,26.46
1633912800.0,26.46
1633913100.0,26.45
1633913400.0,26.45
1633913700.0,26.45
1633914000.0,26.45
1633914300.0,26.45
1633914600.0,26.45
1633914900.0,26.45
1633915200.0,26.45
1633915500.0,26.45
1633915800.0,26.45
1633916100.0,26.49
1633916400.0,26.49
1633916700.0,26.49
1633917000.0,26.49
1633917300.0,26.46
1633917600.0,26.46
1633917900.0,26.46
1633918200.0,26.46
1633918500.0,26.46
1633918800.0,26.46
1633919100.0,26.46
1633919400.0,26.45
1633919700.0,26.45
1633920000.0,26.45
1633920300.0,26.45
1633920600.0,26.45
1633920900.0,26.45
1633921200.0,26.45
1633921500.0,26.45
1633921800.0,26.45
1633922100.0,26.45
1633922400.0,26.45
1633922700.0,26.48
1633923000.0,26.48
1633923300.0,26.47
1633923600.0,26.47
1633923900.0,26.47
1633924200.0,26.47
1633924500.0,26.45
1633924800.0,26.47
1633925100.0,26.46
1633925400.0,26.46
1633925700.0,26.45
1633926000.0,26.45
1633926300.0,26.45
1633926600.0,26.47
1633926900.0,26.47
1633927200.0,26.46
1633927500.0,26.46
1633927800.0,26.46
1633928100.0,26.46
1633928400.0,26.46
1633928700.0,26.45
1633929000.0,26.46
1633929300.0,26.47
1633929600.0,26.47
1633929900.0,26.47
1633930200.0,26.46
1633930500.0,26.45
1633930800.0,26.43
1633931100.0,26.42
1633931400.0,26.38
1633931700.0,26.35
1633932000.0,26.34
1633932300.0,26.42
1633932600.0,26.44
1633932900.0,26.41
1633933200.0,26.45
1633933500.0,26.46
1633933800.0,26.4
1633934100.0,26.41
1633934400.0,26.41
1633934700.0,26.41
1633935000.0,26.45
1633935300.0,26.43
1633935600.0,26.45
1633935900.0,26.41
1633936200.0,26.4
1633936500.0,26.45
1633936800.0,26.45
1633937100.0,26.45
1633937400.0,26.45
1633937700.0,26.42
1633938000.0,26.41
1633938300.0,26.42
1633938600.0,26.42
1633938900.0,26.45
1633939200.0,26.45
1633939500.0,26.45
1633939800.0,26.46
1633940100.0,26.41
1633940400.0,26.42
1633940700.0,26.41
1633941000.0,26.46
1633941300.0,26.46
1633941600.0,26.41
1633941900.0,26.42
1633942200.0,26.41
1633942500.0,26.41
1633942800.0,26.38
1633943100.0,26.42
1633943400.0,26.4
1633943700.0,26.42
1633944000.0,26.42
1633944300.0,26.44
1633944600.0,26.43
1633944900.0,26.41
1633945200.0,26.41
1633945500.0,26.4
1633945800.0,26.43
1633946100.0,26.4
1633946400.0,26.43
1633946700.0,26.46
1633947000.0,26.42
1633947300.0,26.42
1633947600.0,26.43
1633947900.0,26.42
1633948200.0,26.43
1633948500.0,26.45
1633948800.0,26.44
1633949100.0,26.4
1633949400.0,26.42
1633949700.0,26.39
1633950000.0,26.43
1633950300.0,26.4
1633950600.0,26.4
1633950900.0,26.42
1633951200.0,26.45
1633951500.0,26.46
1633951800.0,26.47
1633952100.0,26.47
1633952400.0,26.43
1633952700.0,26.43
1633953000.0,26.44
1633953300.0,26.48
1633953600.0,26.48
1633953900.0,26.46
1633954200.0,26.42
1633954500.0,26.42
1633954800.0,26.47
1633955100.0,26.47
1633955400.0,26.48
1633955700.0,26.48
1633956000.0,26.44
1633956300.0,26.43
1633956600.0,26.47
1633956900.0,26.48
1633957200.0,26.48
1633957500.0,26.48
1633957800.0,26.49
1633958100.0,26.48
1633958400.0,26.48
1633958700.0,26.45
1633959000.0,26.48
1633959300.0,26.48
1633959600.0,26.47
1633959900.0,26.49
1633960200.0,26.49
1633960500.0,26.48
1633960800.0,26.48
1633961100.0,26.46
1633961400.0,26.46
1633961700.0,26.49
1633962000.0,26.49
1633962300.0,26.48
1633962600.0,26.46
1633962900.0,26.46
1633963200.0,26.47
1633963500.0,26.47
1633963800.0,26.41
1633964100.0,26.47
1633964400.0,26.47
1633964700.0,26.44
1633965000.0,26.47
1633965300.0,26.47
1633965600.0,26.46
1633965900.0,26.45
1633966200.0,26.47
1633966500.0,26.46
1633966800.0,26.46
1633967100.0,26.47
1633967400.0,26.45
1633967700.0,26.45
1633968000.0,26.45
1633968300.0,26.47
1633968600.0,26.45
1633968900.0,26.44
1633969200.0,26.46
1633969500.0,26.46
1633969800.0,26.45
1633970100.0,26.45
1633970400.0,26.45
1633970700.0,26.45
1633971000.0,26.46
1633971300.0,26.45
1633971600.0,26.45
1633971900.0,26.47
1633972200.0,26.47
1633972500.0,26.45
1633972800.0,26.46
1633973100.0,26.45
1633973400.0,26.45
1633973700.0,26.45
1633974000.0,26.45
1633974300.0,26.47
1633974600.0,26.45
1633974900.0,26.46
1633975200.0,26.45
1633975500.0,26.45
1633975800.0,26.46
1633976100.0,26.46
1633976400.0,26.46
1633976700.0,26.46
1633977000.0,26.46
1633977300.0,26.45
1633977600.0,26.47
1633977900.0,26.47
1633978200.0,26.45
1633978500.0,26.46
1633978800.0,26.45
1633979100.0,26.47
1633979400.0,26.47
1633979700.0,26.47
1633980000.0,26.45
1633980300.0,26.46
1633980600.0,26.45
1633980900.0,26.46
1633981200.0,26.46
1633981500.0,26.46
1633981800.0,26.45
1633982100.0,26.45
1633982400.0,26.47
1633982700.0,26.47
1633983000.0,26.47
1633983300.0,26.47
1633983600.0,26.46
1633983900.0,26.47
1633984200.0,26.46
1633984500.0,26.47
1633984800.0,26.47
1633985100.0,26.47
1633985400.0,26.46
1633985700.0,26.46
1633986000.0,26.46
1633986300.0,26.46
1633986600.0,26.44
1633986900.0,26.46
1633987200.0,26.46
1633987500.0,26.46
1633987800.0,26.46
1633988100.0,26.46
1633988400.0,26.47
1633988700.0,26.47
1633989000.0,26.47
1633989300.0,26.46
1633989600.0,26.46
1633989900.0,26.47
1633990200.0,26.47
1633990500.0,26.47
1633990800.0,26.46
1633991100.0,26.46
1633991400.0,26.46
1633991700.0,26.45
1633992000.0,26.44
1633992300.0,26.44
1633992600.0,26.44
1633992900.0,26.44
1633993200.0,26.44
1633993500.0,26.46
1633993800.0,26.46
1633994100.0,26.46
1633994400.0,26.46
1633994700.0,26.46
1633995000.0,26.46
1633995300.0,26.46
1633995600.0,26.46
1633995900.0,26.46
1633996200.0,26.44
1633996500.0,26.44
1633996800.0,26.44
1633997100.0,26.46
1633997400.0,26.46
1633997700.0,26.46
1633998000.0,26.46
1633998300.0,26.44
1633998600.0,26.44
1633998900.0,26.44
1633999200.0,26.44
1633999500.0,26.44
1633999800.0,26.44
1634000100.0,26.44
1634000400.0,26.44
1634000700.0,26.44
1634001000.0,26.47
1634001300.0,26.44
1634001600.0,26.47
1634001900.0,26.47
1634002200.0,26.47
1634002500.0,26.47
1634002800.0,26.47
1634003100.0,26.47
1634003400.0,26.47
1634003700.0,26.47
1634004000.0,26.47
1634004300.0,26.47
1634004600.0,26.48
1634004900.0,26.48
1634005200.0,26.48
1634005500.0,26.48
1634005800.0,26.48
1634006100.0,26.48
1634006400.0,26.48
1634006400.0,26.48
1634006700.0,26.48
1634007000.0,26.45
1634007300.0,26.45
1634007600.0,26.45
1634007900.0,26.48
1634008200.0,26.48
1634008500.0,26.45
1634008800.0,26.48
1634009100.0,26.48
1634009400.0,26.48
1634009700.0,26.48
1634010000.0,26.48
1634010300.0,26.48
1634010600.0,26.48
1634010900.0,26.48
1634011200.0,26.49
1634011500.0,26.49
1634011800.0,26.49
1634012100.0,26.48
1634012400.0,26.48
1634012700.0,26.48
1634013000.0,26.48
1634013300.0,26.48
1634013600.0,26.49
1634013900.0,26.5
1634014200.0,26.5
1634014500.0,26.5
1634014800.0,26.5
1634015100.0,26.5
1634015400.0,26.5
1634015700.0,26.5
1634016000.0,26.5
1634016300.0,26.5
1634016600.0,26.48
1634016900.0,26.48
1634017200.0,26.49
1634017500.0,26.48
1634017800.0,26.48
1634018100.0,26.48
1634018400.0,26.49
1634018700.0,26.47
1634019000.0,26.47
1634019300.0,26.47
1634019600.0,26.46
1634019900.0,26.46
1634020200.0,26.46
1634020500.0,26.47
1634020800.0,26.48
1634021100.0,26.49
1634021400.0,26.49
1634021700.0,26.48
1634022000.0,26.5
1634022300.0,26.49
1634022600.0,26.49
1634022900.0,26.5
1634023200.0,26.49
1634023500.0,26.5
1634023800.0,26.5
1634024100.0,26.49
1634024400.0,26.49
1634024700.0,26.5
1634025000.0,26.49
1634025300.0,26.5
1634025600.0,26.5
1634025900.0,26.5
1634026200.0,26.49
1634026500.0,26.49
1634026800.0,26.48
1634027100.0,26.48
1634027400.0,26.49
1634027700.0,26.48
1634028000.0,26.49
1634028300.0,26.5
1634028600.0,26.49
1634028900.0,26.49
1634029200.0,26.5
1634029500.0,26.49
1634029800.0,26.49
1634030100.0,26.49
1634030400.0,26.5
1634030700.0,26.49
1634031000.0,26.48
1634031300.0,26.5
1634031600.0,26.5
1634031900.0,26.5
1634032200.0,26.5
1634032500.0,26.49
1634032800.0,26.5
1634033100.0,26.51
1634033400.0,26.48
1634033700.0,26.49
1634034000.0,26.51
1634034300.0,26.54
1634034600.0,26.55
1634034900.0,26.54
1634035200.0,26.53
1634035500.0,26.52
1634035800.0,26.51
1634036100.0,26.51
1634036400.0,26.52
1634036700.0,26.5
1634037000.0,26.49
1634037300.0,26.49
1634037600.0,26.46
1634037900.0,26.45
1634038200.0,26.45
1634038500.0,26.44
1634038800.0,26.45
1634039100.0,26.45
1634039400.0,26.45
1634039700.0,26.46
1634040000.0,26.46
1634040300.0,26.46
1634040600.0,26.46
1634040900.0,26.46
1634041200.0,26.46
1634041500.0,26.45
1634041800.0,26.46
1634042100.0,26.45
1634042400.0,26.45
1634042700.0,26.45
1634043000.0,26.44
1634043300.0,26.46
1634043600.0,26.46
1634043900.0,26.46
1634044200.0,26.46
1634044500.0,26.45
1634044800.0,26.46
1634045100.0,26.46
1634045400.0,26.46
1634045700.0,26.46
1634046000.0,26.46
1634046300.0,26.45
1634046600.0,26.48
1634046900.0,26.49
1634047200.0,26.49
1634047500.0,26.48
1634047800.0,26.48
1634048100.0,26.5
1634048400.0,26.49
1634048700.0,26.51
1634049000.0,26.47
1634049300.0,26.46
1634049600.0,26.47
1634049900.0,26.46
1634050200.0,26.47
1634050500.0,26.46
1634050800.0,26.46
1634051100.0,26.47
1634051400.0,26.47
1634051700.0,26.47
1634052000.0,26.46
1634052300.0,26.47
1634052600.0,26.47
1634052900.0,26.47
1634053200.0,26.47
1634053500.0,26.46
1634053800.0,26.47
1634054100.0,26.47
1634054400.0,26.48
1634054700.0,26.47
1634055000.0,26.46
1634055300.0,26.47
1634055600.0,26.46
1634055900.0,26.47
1634056200.0,26.47
1634056500.0,26.47
1634056800.0,26.47
1634057100.0,26.47
1634057400.0,26.47
1634057700.0,26.47
1634058000.0,26.47
1634058300.0,26.47
1634058600.0,26.46
1634058900.0,26.46
1634059200.0,26.46
1634059500.0,26.46
1634059800.0,26.46
1634060100.0,26.48
1634060400.0,26.47
1634060700.0,26.47
1634061000.0,26.46
1634061300.0,26.46
1634061600.0,26.47
1634061900.0,26.47
1634062200.0,26.47
1634062500.0,26.47
1634062800.0,26.47
1634063100.0,26.46
1634063400.0,26.46
1634063700.0,26.45
1634064000.0,26.46
1634064300.0,26.46
1634064600.0,26.46
1634064900.0,26.46
1634065200.0,26.46
1634065500.0,26.47
1634065800.0,26.46
1634066100.0,26.46
1634066400.0,26.46
1634066700.0,26.46
1634067000.0,26.47
1634067300.0,26.46
1634067600.0,26.47
1634067900.0,26.47
1634068200.0,26.47
1634068500.0,26.47
1634068800.0,26.47
1634069100.0,26.47
1634069400.0,26.46
1634069700.0,26.46
1634070000.0,26.46
1634070300.0,26.45
1634070600.0,26.45
1634070900.0,26.44
1634071200.0,26.45
1634071500.0,26.45
1634071800.0,26.45
1634072100.0,26.46
1634072400.0,26.45
1634072700.0,26.46
1634073000.0,26.46
1634073300.0,26.45
1634073600.0,26.48
1634073900.0,26.49
1634074200.0,26.5
1634074500.0,26.49
1634074800.0,26.49
1634075100.0,26.49
1634075400.0,26.49
1634075700.0,26.48
1634076000.0,26.49
1634076300.0,26.48
1634076600.0,26.49
1634076900.0,26.49
1634077200.0,26.49
1634077500.0,26.49
1634077800.0,26.47
1634078100.0,26.46
1634078400.0,26.45
1634078700.0,26.47
1634079000.0,26.47
1634079300.0,26.47
1634079600.0,26.47
1634079900.0,26.47
1634080200.0,26.45
1634080500.0,26.49
1634080800.0,26.49
1634081100.0,26.46
1634081400.0,26.46
1634081700.0,26.49
1634082000.0,26.48
1634082300.0,26.48
1634082600.0,26.48
1634082900.0,26.48
1634083200.0,26.48
1634083500.0,26.46
1634083800.0,26.45
1634084100.0,26.45
1634084400.0,26.45
1634084700.0,26.45
1634085000.0,26.45
1634085300.0,26.45
1634085600.0,26.45
1634085900.0,26.46
1634086200.0,26.48
1634086500.0,26.48
1634086800.0,26.48
1634087100.0,26.48
1634087400.0,26.48
1634087700.0,26.5
1634088000.0,26.5
1634088300.0,26.5
1634088600.0,26.5
1634088900.0,26.5
1634089200.0,26.45
1634089500.0,26.45
1634089800.0,26.45
1634090100.0,26.45
1634090400.0,26.45
1634090700.0,26.45
1634091000.0,26.45
1634091300.0,26.45
1634091600.0,26.44
1634091900.0,26.44
1634092200.0,26.44
1634092500.0,26.44
1634092800.0,26.44
1634093100.0,26.44
1634093400.0,26.44
1634093700.0,26.44
1634094000.0,26.44
1634094300.0,26.44
1634094600.0,26.44
1634094900.0,26.44
1634095200.0,26.46
1634095500.0,26.46
1634095800.0,26.46
1634096100.0,26.46
1634096400.0,26.45
1634096700.0,26.46
1634097000.0,26.46
1634097300.0,26.45
1634097600.0,26.47
1634097900.0,26.48
1634098200.0,26.48
1634098500.0,26.46
1634098800.0,26.46
1634099100.0,26.46
1634099400.0,26.46
1634099700.0,26.45
1634100000.0,26.45
1634100300.0,26.45
1634100600.0,26.46
1634100900.0,26.45
1634101200.0,26.46
1634101500.0,26.46
1634101800.0,26.45
1634102100.0,26.46
1634102400.0,26.46
1634102700.0,26.46
1634103000.0,26.46
1634103300.0,26.45
1634103600.0,26.46
1634103900.0,26.46
1634104200.0,26.45
1634104500.0,26.45
1634104800.0,26.45
1634105100.0,26.48
1634105400.0,26.48
1634105700.0,26.46
1634106000.0,26.47
1634106300.0,26.48
1634106600.0,26.47
1634106900.0,26.47
1634107200.0,26.48
1634107500.0,26.47
1634107800.0,26.48
1634108100.0,26.48
1634108400.0,26.48
1634108700.0,26.48
1634109000.0,26.48
1634109300.0,26.48
1634109600.0,26.48
1634109900.0,26.48
1634110200.0,26.48
1634110500.0,26.48
1634110800.0,26.48
1634111100.0,26.47
1634111400.0,26.48
1634111700.0,26.48
1634112000.0,26.48
1634112300.0,26.49
1634112600.0,26.49
1634112900.0,26.5
1634113200.0,26.5
1634113500.0,26.51
1634113800.0,26.5
1634114100.0,26.51
1634114400.0,26.51
1634114700.0,26.5
1634115000.0,26.51
1634115300.0,26.49
1634115600.0,26.48
1634115900.0,26.49
1634116200.0,26.49
1634116500.0,26.49
1634116800.0,26.49
1634117100.0,26.48
1634117400.0,26.49
1634117700.0,26.49
1634118000.0,26.49
1634118300.0,26.49
1634118600.0,26.49
1634118900.0,26.49
1634119200.0,26.49
1634119500.0,26.49
1634119800.0,26.49
1634120100.0,26.49
1634120400.0,26.49
1634120700.0,26.48
1634121000.0,26.49
1634121300.0,26.49
1634121600.0,26.49
1634121900.0,26.49
1634122200.0,26.49
1634122500.0,26.49
1634122800.0,26.49
1634123100.0,26.49
1634123400.0,26.49
1634123700.0,26.49
1634124000.0,26.49
1634124300.0,26.49
1634124600.0,26.49
1634124900.0,26.49
1634125200.0,26.48
1634125500.0,26.49
1634125800.0,26.49
1634126100.0,26.49
1634126400.0,26.49
1634126700.0,26.49
1634127000.0,26.49
1634127300.0,26.49
1634127600.0,26.49
1634127900.0,26.48
1634128200.0,26.49
1634128500.0,26.48
1634128800.0,26.48
1634129100.0,26.49
1634129400.0,26.48
1634129700.0,26.47
1634130000.0,26.49
1634130300.0,26.48
1634130600.0,26.49
1634130900.0,26.48
1634131200.0,26.49
1634131500.0,26.49
1634131800.0,26.47
1634132100.0,26.47
1634132400.0,26.48
1634132700.0,26.47
1634133000.0,26.49
1634133300.0,26.48
1634133600.0,26.49
1634133900.0,26.49
1634134200.0,26.48
1634134500.0,26.48
1634134800.0,26.48
1634135100.0,26.47
1634135400.0,26.49
1634135700.0,26.48
1634136000.0,26.48
1634136300.0,26.48
1634136600.0,26.48
1634136900.0,26.48
1634137200.0,26.47
1634137500.0,26.47
1634137800.0,26.48
1634138100.0,26.48
1634138400.0,26.47
1634138700.0,26.47
1634139000.0,26.48
1634139300.0,26.48
1634139600.0,26.47
1634139900.0,26.47
1634140200.0,26.48
1634140500.0,26.47
1634140800.0,26.47
1634141100.0,26.48
1634141400.0,26.49
1634141700.0,26.5
1634142000.0,26.5
1634142300.0,26.49
1634142600.0,26.49
1634142900.0,26.49
1634143200.0,26.49
1634143500.0,26.48
1634143800.0,26.48
1634144100.0,26.47
1634144400.0,26.47
1634144700.0,26.47
1634145000.0,26.48
1634145300.0,26.47
1634145600.0,26.47
1634145900.0,26.48
1634146200.0,26.48
1634146500.0,26.48
1634146800.0,26.48
1634147100.0,26.47
1634147400.0,26.47
1634147700.0,26.47
1634148000.0,26.48
1634148300.0,26.48
1634148600.0,26.48
1634148900.0,26.47
1634149200.0,26.47
1634149500.0,26.47
1634149800.0,26.48
1634150100.0,26.48
1634150400.0,26.48
1634150700.0,26.48
1634151000.0,26.48
1634151300.0,26.47
1634151600.0,26.48
1634151900.0,26.47
1634152200.0,26.48
1634152500.0,26.48
1634152800.0,26.47
1634153100.0,26.48
1634153400.0,26.48
1634153700.0,26.48
1634154000.0,26.48
1634154300.0,26.48
1634154600.0,26.48
1634154900.0,26.48
1634155200.0,26.48
1634155500.0,26.48
1634155800.0,26.47
1634156100.0,26.47
1634156100.0,26.47
1634156400.0,26.48
1634156700.0,26.48
1634157000.0,26.47
1634157300.0,26.47
1634157600.0,26.47
1634157900.0,26.47
1634158200.0,26.47
1634158500.0,26.48
1634158800.0,26.47
1634159100.0,26.48
1634159400.0,26.48
1634159700.0,26.48
1634160000.0,26.48
1634160300.0,26.48
1634160600.0,26.48
1634160900.0,26.48
1634161200.0,26.48
1634161500.0,26.48
1634161800.0,26.47
1634162100.0,26.47
1634162400.0,26.47
1634162700.0,26.47
1634163000.0,26.48
1634163300.0,26.48
1634163600.0,26.48
1634163900.0,26.48
1634164200.0,26.47
1634164500.0,26.47
1634164800.0,26.47
1634165100.0,26.47
1634165400.0,26.47
1634165700.0,26.45
1634166000.0,26.45
1634166300.0,26.45
1634166600.0,26.45
1634166900.0,26.48
1634167200.0,26.44
1634167500.0,26.44
1634167800.0,26.48
1634168100.0,26.48
1634168400.0,26.48
1634168700.0,26.48
1634169000.0,26.44
1634169300.0,26.44
1634169600.0,26.44
1634169900.0,26.44
1634170200.0,26.44
1634170500.0,26.44
1634170800.0,26.44
1634171100.0,26.44
1634171400.0,26.49
1634171700.0,26.49
1634172000.0,26.45
1634172300.0,26.45
1634172600.0,26.45
1634172900.0,26.45
1634173200.0,26.45
1634173500.0,26.45
1634173800.0,26.45
1634174100.0,26.45
1634174400.0,26.45
1634174700.0,26.45
1634175000.0,26.45
1634175300.0,26.45
1634175600.0,26.45
1634175900.0,26.45
1634176200.0,26.45
1634176500.0,26.45
1634176800.0,26.45
1634177100.0,26.45
1634177400.0,26.45
1634177700.0,26.45
1634178000.0,26.47
1634178300.0,26.45
1634178600.0,26.45
1634178900.0,26.45
1634179200.0,26.45
1634179500.0,26.45
1634179800.0,26.45
1634180100.0,26.45
1634180400.0,26.45
1634180700.0,26.45
1634181000.0,26.45
1634181300.0,26.46
1634181600.0,26.45
1634181900.0,26.45
1634182200.0,26.45
1634182500.0,26.45
1634182800.0,26.46
1634183100.0,26.46
1634183400.0,26.46
1634183700.0,26.46
1634184000.0,26.46
1634184300.0,26.46
1634184600.0,26.46
1634184900.0,26.45
1634185200.0,26.45
1634185500.0,26.45
1634185800.0,26.45
1634186100.0,26.45
1634186400.0,26.45
1634186700.0,26.46
1634187000.0,26.45
1634187300.0,26.45
1634187600.0,26.45
1634187900.0,26.45
1634188200.0,26.45
1634188500.0,26.45
1634188800.0,26.44
1634189100.0,26.44
1634189400.0,26.45
1634189700.0,26.44
1634190000.0,26.44
1634190300.0,26.46
1634190600.0,26.44
1634190900.0,26.43
1634191200.0,26.43
1634191500.0,26.42
1634191800.0,26.43
1634192100.0,26.42
1634192400.0,26.43
1634192700.0,26.44
1634193000.0,26.45
1634193300.0,26.43
1634193600.0,26.45
1634193900.0,26.45
1634194200.0,26.45
1634194500.0,26.44
1634194800.0,26.44
1634195100.0,26.44
1634195400.0,26.43
1634195700.0,26.44
1634196000.0,26.44
1634196300.0,26.43
1634196600.0,26.43
1634196900.0,26.43
1634197200.0,26.44
1634197500.0,26.44
1634197800.0,26.44
1634198100.0,26.44
1634198400.0,26.45
1634198700.0,26.44
1634199000.0,26.44
1634199300.0,26.45
1634199600.0,26.43
1634199900.0,26.44
1634200200.0,26.44
1634200500.0,26.45
1634200800.0,26.44
1634201100.0,26.44
1634201400.0,26.44
1634201700.0,26.43
1634202000.0,26.43
1634202300.0,26.43
1634202600.0,26.45
1634202900.0,26.43
1634203200.0,26.45
1634203500.0,26.45
1634203800.0,26.45
1634204100.0,26.44
1634204400.0,26.44
1634204700.0,26.43
1634205000.0,26.43
1634205300.0,26.43
1634205600.0,26.44
1634205900.0,26.44
1634206200.0,26.43
1634206500.0,26.43
1634206800.0,26.43
1634207100.0,26.44
1634207400.0,26.44
1634207700.0,26.44
1634208000.0,26.44
1634208300.0,26.44
1634208600.0,26.44
1634208900.0,26.44
1634209200.0,26.43
1634209500.0,26.44
1634209800.0,26.43
1634210100.0,26.43
1634210400.0,26.43
1634210700.0,26.44
1634211000.0,26.43
1634211300.0,26.45
1634211600.0,26.45
1634211900.0,26.45
1634212200.0,26.45
1634212500.0,26.45
1634212800.0,26.45
1634213100.0,26.44
1634213400.0,26.47
1634213700.0,26.47
1634214000.0,26.47
1634214300.0,26.48
1634214600.0,26.47
1634214900.0,26.47
1634215200.0,26.47
1634215500.0,26.47
1634215800.0,26.48
1634216100.0,26.48
1634216400.0,26.46
1634216700.0,26.48
1634217000.0,26.48
1634217300.0,26.46
1634217600.0,26.48
1634217900.0,26.47
1634218200.0,26.48
1634218500.0,26.47
1634218800.0,26.47
1634219100.0,26.47
1634219400.0,26.47
1634219700.0,26.47
1634220000.0,26.47
1634220300.0,26.47
1634220600.0,26.48
1634220900.0,26.47
1634221200.0,26.46
1634221500.0,26.46
1634221800.0,26.46
1634222100.0,26.46
1634222400.0,26.46
1634222700.0,26.47
1634223000.0,26.43
1634223300.0,26.43
1634223600.0,26.47
1634223900.0,26.45
1634224200.0,26.45
1634224500.0,26.46
1634224800.0,26.48
1634225100.0,26.48
1634225400.0,26.47
1634225700.0,26.47
1634226000.0,26.47
1634226300.0,26.48
1634226600.0,26.48
1634226900.0,26.46
1634227200.0,26.48
1634227500.0,26.48
1634227800.0,26.48
1634228100.0,26.48
1634228400.0,26.48
1634228700.0,26.46
1634229000.0,26.46
1634229300.0,26.48
1634229600.0,26.48
1634229900.0,26.46
1634230200.0,26.47
1634230500.0,26.47
1634230800.0,26.46
1634231100.0,26.46
1634231400.0,26.47
1634231700.0,26.46
1634232000.0,26.46
1634232300.0,26.46
1634232600.0,26.46
1634232900.0,26.46
1634233200.0,26.46
1634233500.0,26.47
1634233800.0,26.46
1634234100.0,26.46
1634234400.0,26.47
1634234700.0,26.46
1634235000.0,26.47
1634235300.0,26.47
1634235600.0,26.46
1634235900.0,26.46
1634236200.0,26.47
1634236500.0,26.48
1634236800.0,26.48
1634237100.0,26.46
1634237400.0,26.47
1634237700.0,26.48
1634238000.0,26.48
1634238300.0,26.48
1634238600.0,26.48
1634238900.0,26.46
1634239200.0,26.48
1634239500.0,26.48
1634239800.0,26.47
1634240100.0,26.46
1634240400.0,26.48
1634240700.0,26.48
1634241000.0,26.48
1634241300.0,26.46
1634241600.0,26.46
1634241900.0,26.46
1634242200.0,26.46
1634242500.0,26.46
1634242800.0,26.47
1634243100.0,26.46
1634243400.0,26.46
1634243700.0,26.47
1634244000.0,26.47
1634244300.0,26.46
1634244600.0,26.47
1634244900.0,26.48
1634245200.0,26.48
1634245500.0,26.48
1634245800.0,26.46
1634246100.0,26.48
1634246400.0,26.48
1634246700.0,26.48
1634247000.0,26.47
1634247300.0,26.46
1634247600.0,26.46
1634247900.0,26.47
1634248200.0,26.46
1634248500.0,26.46
1634248800.0,26.46
1634249100.0,26.46
1634249400.0,26.46
1634249700.0,26.46
1634250000.0,26.47
1634250300.0,26.46
1634250600.0,26.46
1634250900.0,26.46
1634251200.0,26.46
1634251500.0,26.46
1634251800.0,26.46
1634252100.0,26.46
1634252400.0,26.47
1634252700.0,26.46
1634253000.0,26.48
1634253300.0,26.46
1634253600.0,26.46
1634253900.0,26.46
1634254200.0,26.46
1634254500.0,26.46
1634254800.0,26.46
1634255100.0,26.46
1634255400.0,26.46
1634255700.0,26.48
1634256000.0,26.46
1634256300.0,26.46
1634256600.0,26.46
1634256900.0,26.46
1634257200.0,26.46
1634257500.0,26.48
1634257800.0,26.46
1634258100.0,26.46
1634258400.0,26.46
1634258700.0,26.46
1634259000.0,26.46
1634259300.0,26.48
1634259600.0,26.48
1634259900.0,26.46
1634260200.0,26.46
1634260500.0,26.46
1634260800.0,26.46
1634261100.0,26.46
1634261400.0,26.46
1634261700.0,26.46
1634262000.0,26.46
1634262300.0,26.46
1634262600.0,26.46
1634262900.0,26.46
1634263200.0,26.46
1634263500.0,26.46
1634263800.0,26.46
1634264100.0,26.46
1634264400.0,26.46
1634264700.0,26.46
1634265000.0,26.46
1634265300.0,26.46
1634265600.0,26.46
1634265900.0,26.46
1634266200.0,26.46
1634266500.0,26.48
1634266800.0,26.48
1634267100.0,26.48
1634267400.0,26.48
1634267700.0,26.46
1634268000.0,26.46
1634268300.0,26.46
1634268600.0,26.46
1634268900.0,26.46
1634269200.0,26.46
1634269500.0,26.46
1634269800.0,26.46
1634270100.0,26.46
1634270400.0,26.46
1634270700.0,26.46
1634271000.0,26.46
1634271300.0,26.46
1634271600.0,26.46
1634271900.0,26.46
1634272200.0,26.48
1634272500.0,26.47
1634272800.0,26.48
1634273100.0,26.48
1634273400.0,26.46
1634273700.0,26.46
1634274000.0,26.46
1634274300.0,26.46
1634274600.0,26.48
1634274900.0,26.46
1634275200.0,26.46
1634275500.0,26.46
1634275800.0,26.46
1634276100.0,26.46
1634276400.0,26.46
1634276700.0,26.47
1634277000.0,26.47
1634277300.0,26.46
1634277600.0,26.46
1634277900.0,26.46
1634278200.0,26.47
1634278500.0,26.46
1634278800.0,26.46
1634279100.0,26.46
1634279400.0,26.47
1634279700.0,26.47
1634280000.0,26.46
1634280300.0,26.47
1634280600.0,26.47
1634280900.0,26.47
1634281200.0,26.46
1634281500.0,26.46
1634281800.0,26.46
1634282100.0,26.46
1634282400.0,26.46
1634282700.0,26.46
1634283000.0,26.47
1634283300.0,26.46
1634283600.0,26.46
1634283900.0,26.46
1634284200.0,26.46
1634284500.0,26.48
1634284800.0,26.49
1634285100.0,26.47
1634285400.0,26.49
1634285700.0,26.46
1634286000.0,26.46
1634286300.0,26.46
1634286600.0,26.46
1634286900.0,26.46
1634287200.0,26.47
1634287500.0,26.47
1634287800.0,26.47
1634288100.0,26.47
1634288400.0,26.47
1634288700.0,26.47
1634289000.0,26.47
1634289300.0,26.47
1634289600.0,26.48
1634289900.0,26.47
1634290200.0,26.49
1634290500.0,26.49
1634290800.0,26.47
1634291100.0,26.48
1634291400.0,26.47
1634291700.0,26.47
1634292000.0,26.47
1634292300.0,26.49
1634292600.0,26.47
1634292900.0,26.46
1634293200.0,26.47
1634293500.0,26.49
1634293800.0,26.49
1634294100.0,26.47
1634294400.0,26.47
1634294700.0,26.47
1634295000.0,26.48
1634295300.0,26.48
1634295600.0,26.5
1634295900.0,26.48
1634296200.0,26.48
1634296500.0,26.49
1634296800.0,26.49
1634297100.0,26.48
1634297400.0,26.48
1634297700.0,26.48
1634298000.0,26.48
1634298300.0,26.5
1634298600.0,26.48
1634298900.0,26.48
1634299200.0,26.49
1634299500.0,26.49
1634299800.0,26.47
1634300100.0,26.47
1634300400.0,26.49
1634300700.0,26.47
1634301000.0,26.47
1634301300.0,26.47
1634301600.0,26.49
1634301900.0,26.49
1634302200.0,26.46
1634302500.0,26.47
1634302800.0,26.47
1634303100.0,26.48
1634303400.0,26.49
1634303700.0,26.49
1634304000.0,26.49
1634304300.0,26.49
1634304600.0,26.47
1634304900.0,26.47
1634305200.0,26.49
1634305500.0,26.46
1634305800.0,26.47
1634305800.0,26.47
1634306100.0,26.47
1634306400.0,26.47
1634306700.0,26.47
1634307000.0,26.49
1634307300.0,26.48
1634307600.0,26.48
1634307900.0,26.49
1634308200.0,26.48
1634308500.0,26.48
1634308800.0,26.47
1634309100.0,26.47
1634309400.0,26.48
1634309700.0,26.49
1634310000.0,26.47
1634310300.0,26.47
1634310600.0,26.47
1634310900.0,26.48
1634311200.0,26.47
1634311500.0,26.47
1634311800.0,26.47
1634312100.0,26.48
1634312400.0,26.48
1634312700.0,26.47
1634313000.0,26.47
1634313300.0,26.48
1634313600.0,26.47
1634313900.0,26.48
1634314200.0,26.48
1634314500.0,26.48
1634314800.0,26.47
1634315100.0,26.48
1634315400.0,26.47
1634315700.0,26.47
1634316000.0,26.46
1634316300.0,26.48
1634316600.0,26.47
1634316900.0,26.48
1634317200.0,26.48
1634317500.0,26.49
1634317800.0,26.48
1634318100.0,26.49
1634318400.0,26.48
1634318700.0,26.49
1634319000.0,26.48
1634319300.0,26.47
1634319600.0,26.47
1634319900.0,26.49
1634320200.0,26.48
1634320500.0,26.47
1634320800.0,26.49
1634321100.0,26.49
1634321400.0,26.49
1634321700.0,26.48
1634322000.0,26.49
1634322300.0,26.48
1634322600.0,26.48
1634322900.0,26.49
1634323200.0,26.49
1634323500.0,26.49
1634323800.0,26.48
1634324100.0,26.49
1634324400.0,26.49
1634324700.0,26.49
1634325000.0,26.48
1634325300.0,26.49
1634325600.0,26.48
1634325900.0,26.49
1634326200.0,26.49
1634326500.0,26.49
1634326800.0,26.49
1634327100.0,26.49
1634327400.0,26.49
1634327700.0,26.48
1634328000.0,26.48
1634328300.0,26.49
1634328600.0,26.49
1634328900.0,26.49
1634329200.0,26.49
1634329500.0,26.48
1634329800.0,26.49
1634330100.0,26.49
1634330400.0,26.49
1634330700.0,26.49
1634331000.0,26.48
1634331300.0,26.49
1634331600.0,26.48
1634331900.0,26.47
1634332200.0,26.46
1634332500.0,26.46
1634332800.0,26.45
1634333100.0,26.48
1634333400.0,26.45
1634333700.0,26.47
1634334000.0,26.43
1634334300.0,26.49
1634334600.0,26.49
1634334900.0,26.47
1634335200.0,26.5
1634335500.0,26.5
1634335800.0,26.5
1634336100.0,26.5
1634336400.0,26.5
1634336700.0,26.47
1634337000.0,26.49
1634337300.0,26.49
1634337600.0,26.48
1634337900.0,26.49
1634338200.0,26.48
1634338500.0,26.49
1634338800.0,26.48
1634339100.0,26.48
1634339400.0,26.48
1634339700.0,26.48
1634340000.0,26.48
1634340300.0,26.48
1634340600.0,26.48
1634340900.0,26.49
1634341200.0,26.48
1634341500.0,26.47
1634341800.0,26.47
1634342100.0,26.47
1634342400.0,26.45
1634342700.0,26.48
1634343000.0,26.49
1634343300.0,26.49
1634343600.0,26.49
1634343900.0,26.49
1634344200.0,26.49
1634344500.0,26.49
1634344800.0,26.48
1634345100.0,26.49
1634345400.0,26.49
1634345700.0,26.47
1634346000.0,26.47
1634346300.0,26.47
1634346600.0,26.47
1634346900.0,26.47
1634347200.0,26.47
1634347500.0,26.47
1634347800.0,26.47
1634348100.0,26.47
1634348400.0,26.48
1634348700.0,26.48
1634349000.0,26.48
1634349300.0,26.48
1634349600.0,26.48
1634349900.0,26.48
1634350200.0,26.48
1634350500.0,26.48
1634350800.0,26.48
1634351100.0,26.47
1634351400.0,26.47
1634351700.0,26.47
1634352000.0,26.47
1634352300.0,26.47
1634352600.0,26.47
1634352900.0,26.48
1634353200.0,26.47
1634353500.0,26.47
1634353800.0,26.48
1634354100.0,26.48
1634354400.0,26.47
1634354700.0,26.47
1634355000.0,26.47
1634355300.0,26.48
1634355600.0,26.47
1634355900.0,26.47
1634356200.0,26.47
1634356500.0,26.48
1634356800.0,26.49
1634357100.0,26.49
1634357400.0,26.47
1634357700.0,26.49
1634358000.0,26.49
1634358300.0,26.49
1634358600.0,26.47
1634358900.0,26.47
1634359200.0,26.48
1634359500.0,26.48
1634359800.0,26.49
1634360100.0,26.49
1634360400.0,26.48
1634360700.0,26.47
1634361000.0,26.49
1634361300.0,26.48
1634361600.0,26.48
1634361900.0,26.48
1634362200.0,26.48
1634362500.0,26.48
1634362800.0,26.49
1634363100.0,26.48
1634363400.0,26.48
1634363700.0,26.48
1634364000.0,26.49
1634364300.0,26.48
1634364600.0,26.49
1634364900.0,26.48
1634365200.0,26.48
1634365500.0,26.49
1634365800.0,26.48
1634366100.0,26.48
1634366400.0,26.49
1634366700.0,26.49
1634367000.0,26.48
1634367300.0,26.48
1634367600.0,26.49
1634367900.0,26.48
1634368200.0,26.48
1634368500.0,26.49
1634368800.0,26.49
1634369100.0,26.49
1634369400.0,26.48
1634369700.0,26.49
1634370000.0,26.47
1634370300.0,26.47
1634370600.0,26.47
1634370900.0,26.47
1634371200.0,26.47
1634371500.0,26.48
1634371800.0,26.48
1634372100.0,26.47
1634372400.0,26.47
1634372700.0,26.48
1634373000.0,26.49
1634373300.0,26.48
1634373600.0,26.48
1634373900.0,26.48
1634374200.0,26.48
1634374500.0,26.49
1634374800.0,26.48
1634375100.0,26.48
1634375400.0,26.48
1634375700.0,26.49
1634376000.0,26.48
1634376300.0,26.48
1634376600.0,26.49
1634376900.0,26.48
1634377200.0,26.48
1634377500.0,26.48
1634377800.0,26.47
1634378100.0,26.48
1634378400.0,26.47
1634378700.0,26.47
1634379000.0,26.45
1634379300.0,26.48
1634379600.0,26.46
1634379900.0,26.48
1634380200.0,26.48
1634380500.0,26.47
1634380800.0,26.48
1634381100.0,26.47
1634381400.0,26.48
1634381700.0,26.49
1634382000.0,26.49
1634382300.0,26.49
1634382600.0,26.48
1634382900.0,26.48
1634383200.0,26.49
1634383500.0,26.48
1634383800.0,26.48
1634384100.0,26.49
1634384400.0,26.48
1634384700.0,26.48
1634385000.0,26.49
1634385300.0,26.49
1634385600.0,26.48
1634385900.0,26.48
1634386200.0,26.49
1634386500.0,26.48
1634386800.0,26.48
1634387100.0,26.48
1634387400.0,26.49
1634387700.0,26.48
1634388000.0,26.48
1634388300.0,26.49
1634388600.0,26.48
1634388900.0,26.48
1634389200.0,26.48
1634389500.0,26.48
1634389800.0,26.49
1634390100.0,26.48
1634390400.0,26.49
1634390700.0,26.48
1634391000.0,26.48
1634391300.0,26.48
1634391600.0,26.48
1634391900.0,26.48
1634392200.0,26.49
1634392500.0,26.49
1634392800.0,26.48
1634393100.0,26.48
1634393400.0,26.49
1634393700.0,26.48
1634394000.0,26.49
1634394300.0,26.48
1634394600.0,26.48
1634394900.0,26.49
1634395200.0,26.48
1634395500.0,26.48
1634395800.0,26.48
1634396100.0,26.48
1634396400.0,26.49
1634396700.0,26.49
1634397000.0,26.48
1634397300.0,26.49
1634397600.0,26.49
1634397900.0,26.49
1634398200.0,26.49
1634398500.0,26.48
1634398800.0,26.49
1634399100.0,26.48
1634399400.0,26.48
1634399700.0,26.49
1634400000.0,26.49
1634400300.0,26.49
1634400600.0,26.48
1634400900.0,26.48
1634401200.0,26.48
1634401500.0,26.48
1634401800.0,26.49
1634402100.0,26.49
1634402400.0,26.48
1634402700.0,26.49
1634403000.0,26.49
1634403300.0,26.48
1634403600.0,26.49
1634403900.0,26.48
1634404200.0,26.48
1634404500.0,26.46
1634404800.0,26.46
1634405100.0,26.46
1634405400.0,26.46
1634405700.0,26.47
1634406000.0,26.46
1634406300.0,26.46
1634406600.0,26.47
1634406900.0,26.46
1634407200.0,26.47
1634407500.0,26.47
1634407800.0,26.46
1634408100.0,26.46
1634408400.0,26.47
1634408700.0,26.47
1634409000.0,26.47
1634409300.0,26.46
1634409600.0,26.47
1634409900.0,26.47
1634410200.0,26.46
1634410500.0,26.47
1634410800.0,26.46
1634411100.0,26.46
1634411400.0,26.46
1634411700.0,26.46
1634412000.0,26.46
1634412300.0,26.47
1634412600.0,26.47
1634412900.0,26.47
1634413200.0,26.47
1634413500.0,26.47
1634413800.0,26.46
1634414100.0,26.46
1634414400.0,26.47
1634414700.0,26.47
1634415000.0,26.46
1634415300.0,26.47
1634415600.0,26.46
1634415900.0,26.47
1634416200.0,26.49
1634416500.0,26.48
1634416800.0,26.49
1634417100.0,26.49
1634417400.0,26.49
1634417700.0,26.49
1634418000.0,26.48
1634418300.0,26.49
1634418600.0,26.47
1634418900.0,26.48
1634419200.0,26.48
1634419500.0,26.49
1634419800.0,26.49
1634420100.0,26.49
1634420400.0,26.49
1634420700.0,26.49
1634421000.0,26.49
1634421300.0,26.49
1634421600.0,26.49
1634421900.0,26.49
1634422200.0,26.48
1634422500.0,26.48
1634422800.0,26.48
1634423100.0,26.48
1634423400.0,26.48
1634423700.0,26.48
1634424000.0,26.48
1634424300.0,26.49
1634424600.0,26.48
1634424900.0,26.48
1634425200.0,26.49
1634425500.0,26.49
1634425800.0,26.48
1634426100.0,26.48
1634426400.0,26.49
1634426700.0,26.47
1634427000.0,26.47
1634427300.0,26.47
1634427600.0,26.47
1634427900.0,26.47
1634428200.0,26.47
1634428500.0,26.48
1634428800.0,26.47
1634429100.0,26.47
1634429400.0,26.47
1634429700.0,26.48
1634430000.0,26.48
1634430300.0,26.47
1634430600.0,26.47
1634430900.0,26.47
1634431200.0,26.47
1634431500.0,26.47
1634431800.0,26.47
1634432100.0,26.47
1634432400.0,26.47
1634432700.0,26.47
1634433000.0,26.47
1634433300.0,26.47
1634433600.0,26.47
1634433900.0,26.47
1634434200.0,26.47
1634434500.0,26.48
1634434800.0,26.47
1634435100.0,26.47
1634435400.0,26.47
1634435700.0,26.47
1634436000.0,26.47
1634436300.0,26.47
1634436600.0,26.47
1634436900.0,26.47
1634437200.0,26.48
1634437500.0,26.48
1634437800.0,26.48
1634438100.0,26.48
1634438400.0,26.48
1634438700.0,26.48
1634439000.0,26.48
1634439300.0,26.48
1634439600.0,26.48
1634439900.0,26.48
1634440200.0,26.48
1634440500.0,26.48
1634440800.0,26.48
1634441100.0,26.48
1634441400.0,26.48
1634441700.0,26.48
1634442000.0,26.48
1634442300.0,26.47
1634442600.0,26.47
1634442900.0,26.47
1634443200.0,26.47
1634443500.0,26.47
1634443800.0,26.47
1634444100.0,26.47
1634444400.0,26.47
1634444700.0,26.47
1634445000.0,26.47
1634445300.0,26.47
1634445600.0,26.47
1634445900.0,26.47
1634446200.0,26.48
1634446500.0,26.48
1634446800.0,26.47
1634447100.0,26.47
1634447400.0,26.47
1634447700.0,26.47
1634448000.0,26.48
1634448300.0,26.48
1634448600.0,26.48
1634448900.0,26.48
1634449200.0,26.48
1634449500.0,26.48
1634449800.0,26.47
1634450100.0,26.47
1634450400.0,26.47
1634450700.0,26.48
1634451000.0,26.47
1634451300.0,26.47
1634451600.0,26.48
1634451900.0,26.47
1634452200.0,26.47
1634452500.0,26.47
1634452800.0,26.48
1634453100.0,26.47
1634453400.0,26.47
1634453700.0,26.47
1634454000.0,26.48
1634454300.0,26.47
1634454600.0,26.47
1634454900.0,26.47
1634455200.0,26.47
1634455500.0,26.47
1634455500.0,26.47
1634455800.0,26.47
1634456100.0,26.46
1634456400.0,26.47
1634456700.0,26.48
1634457000.0,26.47
1634457300.0,26.47
1634457600.0,26.47
1634457900.0,26.46
1634458200.0,26.47
1634458500.0,26.47
1634458800.0,26.47
1634459100.0,26.47
1634459400.0,26.48
1634459700.0,26.48
1634460000.0,26.47
1634460300.0,26.47
1634460600.0,26.48
1634460900.0,26.48
1634461200.0,26.48
1634461500.0,26.48
1634461800.0,26.48
1634462100.0,26.49
1634462400.0,26.48
1634462700.0,26.49
1634463000.0,26.48
1634463300.0,26.49
1634463600.0,26.49
1634463900.0,26.49
1634464200.0,26.49
1634464500.0,26.48
1634464800.0,26.49
1634465100.0,26.49
1634465400.0,26.49
1634465700.0,26.49
1634466000.0,26.49
1634466300.0,26.48
1634466600.0,26.48
1634466900.0,26.47
1634467200.0,26.48
1634467500.0,26.48
1634467800.0,26.47
1634468100.0,26.49
1634468400.0,26.47
1634468700.0,26.49
1634469000.0,26.46
1634469300.0,26.47
1634469600.0,26.48
1634469900.0,26.47
1634470200.0,26.47
1634470500.0,26.47
1634470800.0,26.47
1634471100.0,26.47
1634471400.0,26.46
1634471700.0,26.47
1634472000.0,26.47
1634472300.0,26.47
1634472600.0,26.48
1634472900.0,26.47
1634473200.0,26.48
1634473500.0,26.48
1634473800.0,26.47
1634474100.0,26.47
1634474400.0,26.48
1634474700.0,26.48
1634475000.0,26.48
1634475300.0,26.48
1634475600.0,26.49
1634475900.0,26.49
1634476200.0,26.48
1634476500.0,26.49
1634476800.0,26.49
1634477100.0,26.49
1634477400.0,26.49
1634477700.0,26.49
1634478000.0,26.48
1634478300.0,26.49
1634478600.0,26.48
1634478900.0,26.49
1634479200.0,26.48
1634479500.0,26.48
1634479800.0,26.49
1634480100.0,26.49
1634480400.0,26.48
1634480700.0,26.48
1634481000.0,26.49
1634481300.0,26.48
1634481600.0,26.48
1634481900.0,26.49
1634482200.0,26.49
1634482500.0,26.49
1634482800.0,26.48
1634483100.0,26.49
1634483400.0,26.47
1634483700.0,26.49
1634484000.0,26.49
1634484300.0,26.49
1634484600.0,26.47
1634484900.0,26.49
1634485200.0,26.48
1634485500.0,26.48
1634485800.0,26.49
1634486100.0,26.48
1634486400.0,26.48
1634486700.0,26.49
1634487000.0,26.48
1634487300.0,26.48
1634487600.0,26.49
1634487900.0,26.49
1634488200.0,26.48
1634488500.0,26.49
1634488800.0,26.49
1634489100.0,26.48
1634489400.0,26.49
1634489700.0,26.48
1634490000.0,26.49
1634490300.0,26.48
1634490600.0,26.49
1634490900.0,26.48
1634491200.0,26.49
1634491500.0,26.49
1634491800.0,26.49
1634492100.0,26.49
1634492400.0,26.47
1634492700.0,26.47
1634493000.0,26.49
1634493300.0,26.48
1634493600.0,26.48
1634493900.0,26.48
1634494200.0,26.49
1634494500.0,26.49
1634494800.0,26.48
1634495100.0,26.48
1634495400.0,26.47
1634495700.0,26.48
1634496000.0,26.47
1634496300.0,26.48
1634496600.0,26.48
1634496900.0,26.47
1634497200.0,26.46
1634497500.0,26.47
1634497800.0,26.48
1634498100.0,26.48
1634498400.0,26.47
1634498700.0,26.47
1634499000.0,26.48
1634499300.0,26.48
1634499600.0,26.48
1634499900.0,26.48
1634500200.0,26.47
1634500500.0,26.48
1634500800.0,26.49
1634501100.0,26.47
1634501400.0,26.47
1634501700.0,26.47
1634502000.0,26.49
1634502300.0,26.48
1634502600.0,26.47
1634502900.0,26.48
1634503200.0,26.49
1634503500.0,26.49
1634503800.0,26.48
1634504100.0,26.5
1634504400.0,26.5
1634504700.0,26.5
1634505000.0,26.5
1634505300.0,26.5
1634505600.0,26.5
1634505900.0,26.5
1634506200.0,26.5
1634506500.0,26.5
1634506800.0,26.48
1634507100.0,26.5
1634507400.0,26.5
1634507700.0,26.48
1634508000.0,26.51
1634508300.0,26.48
1634508600.0,26.48
1634508900.0,26.48
1634509200.0,26.48
1634509500.0,26.48
1634509800.0,26.48
1634510100.0,26.51
1634510400.0,26.48
1634510700.0,26.48
1634511000.0,26.48
1634511300.0,26.51
1634511600.0,26.51
1634511900.0,26.51
1634512200.0,26.48
1634512500.0,26.51
1634512800.0,26.51
1634513100.0,26.51
1634513400.0,26.48
1634513700.0,26.48
1634514000.0,26.48
1634514300.0,26.47
1634514600.0,26.47
1634514900.0,26.51
1634515200.0,26.51
1634515500.0,26.51
1634515800.0,26.51
1634516100.0,26.51
1634516400.0,26.51
1634516700.0,26.51
1634517000.0,26.51
1634517300.0,26.51
1634517600.0,26.51
1634517900.0,26.47
1634518200.0,26.47
1634518500.0,26.47
1634518800.0,26.47
1634519100.0,26.47
1634519400.0,26.47
1634519700.0,26.47
1634520000.0,26.47
1634520300.0,26.47
1634520600.0,26.51
1634520900.0,26.51
1634521200.0,26.51
1634521500.0,26.51
1634521800.0,26.51
1634522100.0,26.47
1634522400.0,26.51
1634522700.0,26.51
1634523000.0,26.51
1634523300.0,26.51
1634523600.0,26.51
1634523900.0,26.51
1634524200.0,26.47
1634524500.0,26.47
1634524800.0,26.47
1634525100.0,26.47
1634525400.0,26.47
1634525700.0,26.47
1634526000.0,26.47
1634526300.0,26.47
1634526600.0,26.47
1634526900.0,26.47
1634527200.0,26.47
1634527500.0,26.47
1634527800.0,26.47
1634528100.0,26.47
1634528400.0,26.47
1634528700.0,26.47
1634529000.0,26.47
1634529300.0,26.47
1634529600.0,26.47
1634529900.0,26.47
1634530200.0,26.48
1634530500.0,26.48
1634530800.0,26.49
1634531100.0,26.5
1634531400.0,26.5
1634531700.0,26.5
1634532000.0,26.49
1634532300.0,26.49
1634532600.0,26.51
1634532900.0,26.49
1634533200.0,26.49
1634533500.0,26.51
1634533800.0,26.47
1634534100.0,26.51
1634534400.0,26.47
1634534700.0,26.51
1634535000.0,26.51
1634535300.0,26.52
1634535600.0,26.47
1634535900.0,26.51
1634536200.0,26.51
1634536500.0,26.51
1634536800.0,26.49
1634537100.0,26.48
1634537400.0,26.47
1634537700.0,26.48
1634538000.0,26.48
1634538300.0,26.48
1634538600.0,26.48
1634538900.0,26.48
1634539200.0,26.51
1634539500.0,26.48
1634539800.0,26.53
1634540100.0,26.52
1634540400.0,26.52
1634540700.0,26.53
1634541000.0,26.53
1634541300.0,26.54
1634541600.0,26.52
1634541900.0,26.52
1634542200.0,26.52
1634542500.0,26.52
1634542800.0,26.52
1634543100.0,26.54
1634543400.0,26.54
1634543700.0,26.53
1634544000.0,26.54
1634544300.0,26.54
1634544600.0,26.54
1634544900.0,26.54
1634545200.0,26.53
1634545500.0,26.53
1634545800.0,26.53
1634546100.0,26.54
1634546400.0,26.53
1634546700.0,26.53
1634547000.0,26.53
1634547300.0,26.53
1634547600.0,26.53
1634547900.0,26.53
1634548200.0,26.53
1634548500.0,26.53
1634548800.0,26.53
1634549100.0,26.53
1634549400.0,26.53
1634549700.0,26.53
1634550000.0,26.53
1634550300.0,26.54
1634550600.0,26.53
1634550900.0,26.54
1634551200.0,26.53
1634551500.0,26.53
1634551800.0,26.53
1634552100.0,26.52
1634552400.0,26.52
1634552700.0,26.52
1634553000.0,26.52
1634553300.0,26.52
1634553600.0,26.52
1634553900.0,26.52
1634554200.0,26.55
1634554500.0,26.56
1634554800.0,26.53
1634555100.0,26.56
1634555400.0,26.56
1634555700.0,26.54
1634556000.0,26.47
1634556300.0,26.43
1634556600.0,26.43
1634556900.0,26.45
1634557200.0,26.45
1634557500.0,26.43
1634557800.0,26.42
1634558100.0,26.42
1634558400.0,26.43
1634558700.0,26.39
1634559000.0,26.43
1634559300.0,26.43
1634559600.0,26.38
1634559900.0,26.4
1634560200.0,26.44
1634560500.0,26.41
1634560800.0,26.42
1634561100.0,26.42
1634561400.0,26.41
1634561700.0,26.42
1634562000.0,26.39
1634562300.0,26.4
1634562600.0,26.43
1634562900.0,26.41
1634563200.0,26.41
1634563500.0,26.44
1634563800.0,26.42
1634564100.0,26.44
1634564400.0,26.42
1634564700.0,26.41
1634565000.0,26.43
1634565300.0,26.43
1634565600.0,26.42
1634565900.0,26.43
1634566200.0,26.43
1634566500.0,26.37
1634566800.0,26.41
1634567100.0,26.43
1634567400.0,26.43
1634567700.0,26.44
1634568000.0,26.4
1634568300.0,26.44
1634568600.0,26.42
1634568900.0,26.39
1634569200.0,26.41
1634569500.0,26.41
1634569800.0,26.41
1634570100.0,26.41
1634570400.0,26.44
1634570700.0,26.41
1634571000.0,26.44
1634571300.0,26.43
1634571600.0,26.41
1634571900.0,26.44
1634572200.0,26.44
1634572500.0,26.44
1634572800.0,26.4
1634573100.0,26.35
1634573400.0,26.43
1634573700.0,26.38
1634574000.0,26.38
1634574300.0,26.44
1634574600.0,26.44
1634574900.0,26.42
1634575200.0,26.38
1634575500.0,26.37
1634575800.0,26.37
1634576100.0,26.38
1634576400.0,26.38
1634576700.0,26.44
1634577000.0,26.38
1634577300.0,26.44
1634577600.0,26.44
1634577900.0,26.39
1634578200.0,26.38
1634578500.0,26.41
1634578800.0,26.43
1634579100.0,26.42
1634579400.0,26.42
1634579700.0,26.4
1634580000.0,26.4
1634580300.0,26.42
1634580600.0,26.41
1634580900.0,26.4
1634581200.0,26.41
1634581500.0,26.41
1634581800.0,26.38
1634582100.0,26.42
1634582400.0,26.38
1634582700.0,26.42
1634583000.0,26.38
1634583300.0,26.42
1634583600.0,26.42
1634583900.0,26.42
1634584200.0,26.42
1634584500.0,26.4
1634584800.0,26.41
1634585100.0,26.4
1634585400.0,26.42
1634585700.0,26.38
1634586000.0,26.38
1634586300.0,26.41
1634586600.0,26.38
1634586900.0,26.4
1634587200.0,26.42
1634587500.0,26.41
1634587800.0,26.4
1634588100.0,26.42
1634588400.0,26.42
1634588700.0,26.38
1634589000.0,26.42
1634589300.0,26.41
1634589600.0,26.42
1634589900.0,26.42
1634590200.0,26.37
1634590500.0,26.42
1634590800.0,26.42
1634591100.0,26.37
1634591400.0,26.42
1634591700.0,26.39
1634592000.0,26.39
1634592300.0,26.38
1634592600.0,26.41
1634592900.0,26.38
1634593200.0,26.38
1634593500.0,26.39
1634593800.0,26.39
1634594100.0,26.4
1634594400.0,26.4
1634594700.0,26.41
1634595000.0,26.41
1634595300.0,26.42
1634595600.0,26.42
1634595900.0,26.42
1634596200.0,26.42
1634596500.0,26.39
1634596800.0,26.39
1634597100.0,26.41
1634597400.0,26.41
1634597700.0,26.41
1634598000.0,26.41
1634598300.0,26.41
1634598600.0,26.41
1634598900.0,26.41
1634599200.0,26.41
1634599500.0,26.41
1634599800.0,26.41
1634600100.0,26.4
1634600400.0,26.39
1634600700.0,26.39
1634601000.0,26.4
1634601300.0,26.4
1634601600.0,26.39
1634601900.0,26.39
1634602200.0,26.39
1634602500.0,26.39
1634602800.0,26.39
1634603100.0,26.41
1634603400.0,26.41
1634603700.0,26.4
1634604000.0,26.41
1634604300.0,26.42
1634604600.0,26.41
1634604900.0,26.41
1634605200.0,26.42
1634605200.0,26.42
1634605500.0,26.42
1634605800.0,26.42
1634606100.0,26.41
1634606400.0,26.39
1634606700.0,26.34
1634607000.0,26.34
1634607300.0,26.34
1634607600.0,26.34
1634607900.0,26.33
1634608200.0,26.39
1634608500.0,26.39
1634608800.0,26.39
1634609100.0,26.34
1634609400.0,26.33
1634609700.0,26.33
1634610000.0,26.33
1634610300.0,26.33
1634610600.0,26.33
1634610900.0,26.33
1634611200.0,26.34
1634611500.0,26.34
1634611800.0,26.34
1634612100.0,26.34
1634612400.0,26.34
1634612700.0,26.34
1634613000.0,26.34
1634613300.0,26.34
1634613600.0,26.34
1634613900.0,26.33
1634614200.0,26.33
1634614500.0,26.33
1634614800.0,26.33
1634615100.0,26.33
1634615400.0,26.33
1634615700.0,26.33
1634616000.0,26.33
1634616300.0,26.33
1634616600.0,26.33
1634616900.0,26.33
1634617200.0,26.33
1634617500.0,26.33
1634617800.0,26.34
1634618100.0,26.34
1634618400.0,26.33
1634618700.0,26.34
1634619000.0,26.33
1634619300.0,26.33
1634619600.0,26.33
1634619900.0,26.34
1634620200.0,26.34
1634620500.0,26.33
1634620800.0,26.33
1634621100.0,26.32
1634621400.0,26.32
1634621700.0,26.32
1634622000.0,26.32
1634622300.0,26.33
1634622600.0,26.34
1634622900.0,26.33
1634623200.0,26.33
1634623500.0,26.32
1634623800.0,26.32
1634624100.0,26.31
1634624400.0,26.32
1634624700.0,26.32
1634625000.0,26.3
1634625300.0,26.3
1634625600.0,26.31
1634625900.0,26.31
1634626200.0,26.28
1634626500.0,26.32
1634626800.0,26.32
1634627100.0,26.31
1634627400.0,26.35
1634627700.0,26.35
1634628000.0,26.33
1634628300.0,26.32
1634628600.0,26.31
1634628900.0,26.33
1634629200.0,26.36
1634629500.0,26.35
1634629800.0,26.35
1634630100.0,26.35
1634630400.0,26.35
1634630700.0,26.35
1634631000.0,26.35
1634631300.0,26.34
1634631600.0,26.33
1634631900.0,26.33
1634632200.0,26.34
1634632500.0,26.33
1634632800.0,26.33
1634633100.0,26.35
1634633400.0,26.32
1634633700.0,26.34
1634634000.0,26.34
1634634300.0,26.32
1634634600.0,26.32
1634634900.0,26.34
1634635200.0,26.29
1634635500.0,26.29
1634635800.0,26.29
1634636100.0,26.32
1634636400.0,26.27
1634636700.0,26.27
1634637000.0,26.29
1634637300.0,26.3
1634637600.0,26.33
1634637900.0,26.32
1634638200.0,26.31
1634638500.0,26.32
1634638800.0,26.32
1634639100.0,26.33
1634639400.0,26.33
1634639700.0,26.33
1634640000.0,26.33
1634640300.0,26.33
1634640600.0,26.32
1634640900.0,26.31
1634641200.0,26.32
1634641500.0,26.3
1634641800.0,26.31
1634642100.0,26.31
1634642400.0,26.32
1634642700.0,26.33
1634643000.0,26.27
1634643300.0,26.28
1634643600.0,26.32
1634643900.0,26.34
1634644200.0,26.3
1634644500.0,26.34
1634644800.0,26.32
1634645100.0,26.32
1634645400.0,26.34
1634645700.0,26.34
1634646000.0,26.34
1634646300.0,26.35
1634646600.0,26.35
1634646900.0,26.35
1634647200.0,26.34
1634647500.0,26.35
1634647800.0,26.33
1634648100.0,26.33
1634648400.0,26.33
1634648700.0,26.35
1634649000.0,26.35
1634649300.0,26.35
1634649600.0,26.33
1634649900.0,26.33
1634650200.0,26.33
1634650500.0,26.31
1634650800.0,26.31
1634651100.0,26.33
1634651400.0,26.35
1634651700.0,26.33
1634652000.0,26.33
1634652300.0,26.31
1634652600.0,26.31
1634652900.0,26.31
1634653200.0,26.34
1634653500.0,26.31
1634653800.0,26.31
1634654100.0,26.31
1634654400.0,26.31
1634654700.0,26.35
1634655000.0,26.35
1634655300.0,26.35
1634655600.0,26.35
1634655900.0,26.32
1634656200.0,26.35
1634656500.0,26.32
1634656800.0,26.33
1634657100.0,26.32
1634657400.0,26.31
1634657700.0,26.34
1634658000.0,26.31
1634658300.0,26.35
1634658600.0,26.35
1634658900.0,26.33
1634659200.0,26.35
1634659500.0,26.31
1634659800.0,26.35
1634660100.0,26.3
1634660400.0,26.35
1634660700.0,26.35
1634661000.0,26.34
1634661300.0,26.32
1634661600.0,26.32
1634661900.0,26.35
1634662200.0,26.32
1634662500.0,26.3
1634662800.0,26.31
1634663100.0,26.3
1634663400.0,26.32
1634663700.0,26.35
1634664000.0,26.33
1634664300.0,26.35
1634664600.0,26.3
1634664900.0,26.32
1634665200.0,26.35
1634665500.0,26.35
1634665800.0,26.31
1634666100.0,26.3
1634666400.0,26.35
1634666700.0,26.35
1634667000.0,26.35
1634667300.0,26.35
1634667600.0,26.3
1634667900.0,26.31
1634668200.0,26.34
1634668500.0,26.34
1634668800.0,26.35
1634669100.0,26.35
1634669400.0,26.32
1634669700.0,26.35
1634670000.0,26.35
1634670300.0,26.32
1634670600.0,26.32
1634670900.0,26.34
1634671200.0,26.35
1634671500.0,26.35
1634671800.0,26.32
1634672100.0,26.32
1634672400.0,26.35
1634672700.0,26.35
1634673000.0,26.35
1634673300.0,26.33
1634673600.0,26.33
1634673900.0,26.35
1634674200.0,26.34
1634674500.0,26.34
1634674800.0,26.35
1634675100.0,26.33
1634675400.0,26.32
1634675700.0,26.32
1634676000.0,26.32
1634676300.0,26.32
1634676600.0,26.33
1634676900.0,26.34
1634677200.0,26.35
1634677500.0,26.35
1634677800.0,26.32
1634678100.0,26.32
1634678400.0,26.32
1634678700.0,26.34
1634679000.0,26.34
1634679300.0,26.35
1634679600.0,26.32
1634679900.0,26.32
1634680200.0,26.34
1634680500.0,26.35
1634680800.0,26.35
1634681100.0,26.35
1634681400.0,26.33
1634681700.0,26.35
1634682000.0,26.35
1634682300.0,26.34
1634682600.0,26.34
1634682900.0,26.35
1634683200.0,26.34
1634683500.0,26.35
1634683800.0,26.35
1634684100.0,26.34
1634684400.0,26.34
1634684700.0,26.34
1634685000.0,26.32
1634685300.0,26.33
1634685600.0,26.35
1634685900.0,26.36
1634686200.0,26.33
1634686500.0,26.33
1634686800.0,26.33
1634687100.0,26.33
1634687400.0,26.33
1634687700.0,26.33
1634688000.0,26.33
1634688300.0,26.33
1634688600.0,26.33
1634688900.0,26.33
1634689200.0,26.33
1634689500.0,26.33
1634689800.0,26.33
1634690100.0,26.33
1634690400.0,26.33
1634690700.0,26.33
1634691000.0,26.33
1634691300.0,26.33
1634691600.0,26.33
1634691900.0,26.33
1634692200.0,26.33
1634692500.0,26.33
1634692800.0,26.33
1634693100.0,26.34
1634693400.0,26.33
1634693700.0,26.34
1634694000.0,26.34
1634694300.0,26.34
1634694600.0,26.34
1634694900.0,26.34
1634695200.0,26.34
1634695500.0,26.34
1634695800.0,26.34
1634696100.0,26.34
1634696400.0,26.34
1634696700.0,26.34
1634697000.0,26.34
1634697300.0,26.34
1634697600.0,26.34
1634697900.0,26.34
1634698200.0,26.34
1634698500.0,26.34
1634698800.0,26.34
1634699100.0,26.34
1634699400.0,26.34
1634699700.0,26.34
1634700000.0,26.34
1634700300.0,26.34
1634700600.0,26.34
1634700900.0,26.34
1634701200.0,26.34
1634701500.0,26.33
1634701800.0,26.34
1634702100.0,26.33
1634702400.0,26.33
1634702700.0,26.33
1634703000.0,26.33
1634703300.0,26.33
1634703600.0,26.33
1634703900.0,26.33
1634704200.0,26.33
1634704500.0,26.33
1634704800.0,26.34
1634705100.0,26.33
1634705400.0,26.34
1634705700.0,26.34
1634706000.0,26.33
1634706300.0,26.33
1634706600.0,26.33
1634706900.0,26.33
1634707200.0,26.33
1634707500.0,26.33
1634707800.0,26.35
1634708100.0,26.35
1634708400.0,26.35
1634708700.0,26.33
1634709000.0,26.33
1634709300.0,26.32
1634709600.0,26.35
1634709900.0,26.32
1634710200.0,26.34
1634710500.0,26.33
1634710800.0,26.34
1634711100.0,26.35
1634711400.0,26.35
1634711700.0,26.34
1634712000.0,26.35
1634712300.0,26.34
1634712600.0,26.35
1634712900.0,26.35
1634713200.0,26.34
1634713500.0,26.35
1634713800.0,26.36
1634714100.0,26.34
1634714400.0,26.34
1634714700.0,26.36
1634715000.0,26.36
1634715300.0,26.36
1634715600.0,26.37
1634715900.0,26.37
1634716200.0,26.37
1634716500.0,26.37
1634716800.0,26.38
1634717100.0,26.38
1634717400.0,26.39
1634717700.0,26.4
1634718000.0,26.4
1634718300.0,26.4
1634718600.0,26.39
1634718900.0,26.38
1634719200.0,26.39
1634719500.0,26.38
1634719800.0,26.39
1634720100.0,26.38
1634720400.0,26.38
1634720700.0,26.39
1634721000.0,26.39
1634721300.0,26.38
1634721600.0,26.37
1634721900.0,26.37
1634722200.0,26.37
1634722500.0,26.38
1634722800.0,26.38
1634723100.0,26.37
1634723400.0,26.37
1634723700.0,26.37
1634724000.0,26.38
1634724300.0,26.38
1634724600.0,26.38
1634724900.0,26.38
1634725200.0,26.38
1634725500.0,26.38
1634725800.0,26.39
1634726100.0,26.39
1634726400.0,26.38
1634726700.0,26.38
1634727000.0,26.39
1634727300.0,26.41
1634727600.0,26.41
1634727900.0,26.4
1634728200.0,26.39
1634728500.0,26.39
1634728800.0,26.3
1634729100.0,26.3
1634729400.0,26.29
1634729700.0,26.29
1634730000.0,26.3
1634730300.0,26.29
1634730600.0,26.29
1634730900.0,26.28
1634731200.0,26.28
1634731500.0,26.28
1634731800.0,26.29
1634732100.0,26.29
1634732400.0,26.28
1634732700.0,26.33
1634733000.0,26.33
1634733300.0,26.32
1634733600.0,26.29
1634733900.0,26.29
1634734200.0,26.26
1634734500.0,26.29
1634734800.0,26.29
1634735100.0,26.29
1634735400.0,26.29
1634735700.0,26.29
1634736000.0,26.27
1634736300.0,26.29
1634736600.0,26.28
1634736900.0,26.29
1634737200.0,26.28
1634737500.0,26.29
1634737800.0,26.28
1634738100.0,26.26
1634738400.0,26.27
1634738700.0,26.28
1634739000.0,26.29
1634739300.0,26.29
1634739600.0,26.29
1634739900.0,26.29
1634740200.0,26.26
1634740500.0,26.28
1634740800.0,26.28
1634741100.0,26.27
1634741400.0,26.29
1634741700.0,26.27
1634742000.0,26.27
1634742300.0,26.29
1634742600.0,26.29
1634742900.0,26.29
1634743200.0,26.29
1634743500.0,26.26
1634743800.0,26.29
1634744100.0,26.29
1634744400.0,26.29
1634744700.0,26.29
1634745000.0,26.27
1634745300.0,26.27
1634745600.0,26.27
1634745900.0,26.29
1634746200.0,26.27
1634746500.0,26.28
1634746800.0,26.28
1634747100.0,26.29
1634747400.0,26.28
1634747700.0,26.28
1634748000.0,26.28
1634748300.0,26.28
1634748600.0,26.28
1634748900.0,26.29
1634749200.0,26.29
1634749500.0,26.29
1634749800.0,26.28
1634750100.0,26.29
1634750400.0,26.27
1634750700.0,26.27
1634751000.0,26.26
1634751300.0,26.27
1634751600.0,26.26
1634751900.0,26.29
1634752200.0,26.26
1634752500.0,26.29
1634752800.0,26.29
1634753100.0,26.28
1634753400.0,26.29
1634753700.0,26.29
1634754000.0,26.27
1634754300.0,26.29
1634754600.0,26.26
1634754900.0,26.26
1634754900.0,26.26
1634755200.0,26.26
1634755500.0,26.29
1634755800.0,26.26
1634756100.0,26.26
1634756400.0,26.29
1634756700.0,26.29
1634757000.0,26.29
1634757300.0,26.29
1634757600.0,26.28
1634757900.0,26.28
1634758200.0,26.26
1634758500.0,26.29
1634758800.0,26.29
1634759100.0,26.26
1634759400.0,26.29
1634759700.0,26.29
1634760000.0,26.29
1634760300.0,26.29
1634760600.0,26.29
1634760900.0,26.29
1634761200.0,26.29
1634761500.0,26.29
1634761800.0,26.29
1634762100.0,26.27
1634762400.0,26.26
1634762700.0,26.26
1634763000.0,26.25
1634763300.0,26.28
1634763600.0,26.28
1634763900.0,26.28
1634764200.0,26.28
1634764500.0,26.28
1634764800.0,26.28
1634765100.0,26.28
1634765400.0,26.28
1634765700.0,26.28
1634766000.0,26.29
1634766300.0,26.27
1634766600.0,26.28
1634766900.0,26.26
1634767200.0,26.26
1634767500.0,26.26
1634767800.0,26.28
1634768100.0,26.28
1634768400.0,26.26
1634768700.0,26.28
1634769000.0,26.28
1634769300.0,26.28
1634769600.0,26.28
1634769900.0,26.28
1634770200.0,26.28
1634770500.0,26.28
1634770800.0,26.29
1634771100.0,26.3
1634771400.0,26.3
1634771700.0,26.3
1634772000.0,26.3
1634772300.0,26.28
1634772600.0,26.28
1634772900.0,26.28
1634773200.0,26.28
1634773500.0,26.3
1634773800.0,26.3
1634774100.0,26.3
1634774400.0,26.28
1634774700.0,26.28
1634775000.0,26.28
1634775300.0,26.28
1634775600.0,26.26
1634775900.0,26.24
1634776200.0,26.24
1634776500.0,26.24
1634776800.0,26.24
1634777100.0,26.24
1634777400.0,26.24
1634777700.0,26.24
1634778000.0,26.24
1634778300.0,26.23
1634778600.0,26.22
1634778900.0,26.22
1634779200.0,26.21
1634779500.0,26.21
1634779800.0,26.2
1634780100.0,26.19
1634780400.0,26.19
1634780700.0,26.19
1634781000.0,26.19
1634781300.0,26.19
1634781600.0,26.17
1634781900.0,26.17
1634782200.0,26.21
1634782500.0,26.21
1634782800.0,26.21
1634783100.0,26.21
1634783400.0,26.14
1634783700.0,26.13
1634784000.0,26.21
1634784300.0,26.21
1634784600.0,26.21
1634784900.0,26.21
1634785200.0,26.13
1634785500.0,26.21
1634785800.0,26.23
1634786100.0,26.23
1634786400.0,26.24
1634786700.0,26.24
1634787000.0,26.24
1634787300.0,26.24
1634787600.0,26.18
1634787900.0,26.18
1634788200.0,26.24
1634788500.0,26.19
1634788800.0,26.19
1634789100.0,26.2
1634789400.0,26.2
1634789700.0,26.2
1634790000.0,26.2
1634790300.0,26.25
1634790600.0,26.21
1634790900.0,26.22
1634791200.0,26.22
1634791500.0,26.22
1634791800.0,26.24
1634792100.0,26.2
1634792400.0,26.2
1634792700.0,26.2
1634793000.0,26.24
1634793300.0,26.2
1634793600.0,26.2
1634793900.0,26.24
1634794200.0,26.24
1634794500.0,26.22
1634794800.0,26.22
1634795100.0,26.24
1634795400.0,26.24
1634795700.0,26.24
1634796000.0,26.24
1634796300.0,26.24
1634796600.0,26.23
1634796900.0,26.24
1634797200.0,26.23
1634797500.0,26.23
1634797800.0,26.23
1634798100.0,26.25
1634798400.0,26.25
1634798700.0,26.25
1634799000.0,26.25
1634799300.0,26.25
1634799600.0,26.24
1634799900.0,26.24
1634800200.0,26.23
1634800500.0,26.21
1634800800.0,26.24
1634801100.0,26.21
1634801400.0,26.22
1634801700.0,26.24
1634802000.0,26.22
1634802300.0,26.23
1634802600.0,26.24
1634802900.0,26.23
1634803200.0,26.23
1634803500.0,26.21
1634803800.0,26.24
1634804100.0,26.24
1634804400.0,26.22
1634804700.0,26.24
1634805000.0,26.22
1634805300.0,26.24
1634805600.0,26.24
1634805900.0,26.2
1634806200.0,26.24
1634806500.0,26.2
1634806800.0,26.21
1634807100.0,26.23
1634807400.0,26.24
1634807700.0,26.23
1634808000.0,26.23
1634808300.0,26.24
1634808600.0,26.25
1634808900.0,26.25
1634809200.0,26.25
1634809500.0,26.24
1634809800.0,26.22
1634810100.0,26.22
1634810400.0,26.2
1634810700.0,26.24
1634811000.0,26.24
1634811300.0,26.24
1634811600.0,26.24
1634811900.0,26.23
1634812200.0,26.23
1634812500.0,26.22
1634812800.0,26.23
1634813100.0,26.24
1634813400.0,26.24
1634813700.0,26.24
1634814000.0,26.23
1634814300.0,26.23
1634814600.0,26.23
1634814900.0,26.22
1634815200.0,26.22
1634815500.0,26.23
1634815800.0,26.24
1634816100.0,26.23
1634816400.0,26.22
1634816700.0,26.24
1634817000.0,26.23
1634817300.0,26.23
1634817600.0,26.23
1634817900.0,26.24
1634818200.0,26.28
1634818500.0,26.31
1634818800.0,26.31
1634819100.0,26.26
1634819400.0,26.27
1634819700.0,26.3
1634820000.0,26.3
1634820300.0,26.31
1634820600.0,26.3
1634820900.0,26.32
1634821200.0,26.3
1634821500.0,26.3
1634821800.0,26.29
1634822100.0,26.32
1634822400.0,26.3
1634822700.0,26.33
1634823000.0,26.31
1634823300.0,26.29
1634823600.0,26.33
1634823900.0,26.34
1634824200.0,26.34
1634824500.0,26.31
1634824800.0,26.3
1634825100.0,26.31
1634825400.0,26.33
1634825700.0,26.33
1634826000.0,26.32
1634826300.0,26.3
1634826600.0,26.32
1634826900.0,26.29
1634827200.0,26.29
1634827500.0,26.33
1634827800.0,26.34
1634828100.0,26.34
1634828400.0,26.32
1634828700.0,26.33
1634829000.0,26.34
1634829300.0,26.31
1634829600.0,26.28
1634829900.0,26.32
1634830200.0,26.33
1634830500.0,26.31
1634830800.0,26.3
1634831100.0,26.33
1634831400.0,26.34
1634831700.0,26.34
1634832000.0,26.31
1634832300.0,26.3
1634832600.0,26.34
1634832900.0,26.34
1634833200.0,26.31
1634833500.0,26.31
1634833800.0,26.32
1634834100.0,26.33
1634834400.0,26.34
1634834700.0,26.35
1634835000.0,26.31
1634835300.0,26.35
1634835600.0,26.35
1634835900.0,26.31
1634836200.0,26.32
1634836500.0,26.32
1634836800.0,26.34
1634837100.0,26.33
1634837400.0,26.32
1634837700.0,26.32
1634838000.0,26.34
1634838300.0,26.35
1634838600.0,26.35
1634838900.0,26.32
1634839200.0,26.35
1634839500.0,26.32
1634839800.0,26.3
1634840100.0,26.3
1634840400.0,26.29
1634840700.0,26.33
1634841000.0,26.34
1634841300.0,26.34
1634841600.0,26.32
1634841900.0,26.32
1634842200.0,26.32
1634842500.0,26.32
1634842800.0,26.33
1634843100.0,26.31
1634843400.0,26.31
1634843700.0,26.33
1634844000.0,26.33
1634844300.0,26.33
1634844600.0,26.33
1634844900.0,26.34
1634845200.0,26.34
1634845500.0,26.34
1634845800.0,26.34
1634846100.0,26.34
1634846400.0,26.34
1634846700.0,26.33
1634847000.0,26.34
1634847300.0,26.33
1634847600.0,26.35
1634847900.0,26.33
1634848200.0,26.33
1634848500.0,26.32
1634848800.0,26.31
1634849100.0,26.31
1634849400.0,26.3
1634849700.0,26.33
1634850000.0,26.33
1634850300.0,26.34
1634850600.0,26.33
1634850900.0,26.32
1634851200.0,26.31
1634851500.0,26.32
1634851800.0,26.33
1634852100.0,26.31
1634852400.0,26.33
1634852700.0,26.32
1634853000.0,26.31
1634853300.0,26.3
1634853600.0,26.28
1634853900.0,26.28
1634854200.0,26.28
1634854500.0,26.3
1634854800.0,26.33
1634855100.0,26.32
1634855400.0,26.34
1634855700.0,26.34
1634856000.0,26.31
1634856300.0,26.33
1634856600.0,26.33
1634856900.0,26.33
1634857200.0,26.31
1634857500.0,26.31
1634857800.0,26.31
1634858100.0,26.32
1634858400.0,26.33
1634858700.0,26.34
1634859000.0,26.32
1634859300.0,26.32
1634859600.0,26.31
1634859900.0,26.31
1634860200.0,26.31
1634860500.0,26.31
1634860800.0,26.31
1634861100.0,26.31
1634861400.0,26.31
1634861700.0,26.31
1634862000.0,26.36
1634862300.0,26.37
1634862600.0,26.33
1634862900.0,26.37
1634863200.0,26.37
1634863500.0,26.33
1634863800.0,26.3
1634864100.0,26.3
1634864400.0,26.3
1634864700.0,26.3
1634865000.0,26.32
1634865300.0,26.32
1634865600.0,26.32
1634865900.0,26.32
1634866200.0,26.32
1634866500.0,26.36
1634866800.0,26.31
1634867100.0,26.31
1634867400.0,26.31
1634867700.0,26.31
1634868000.0,26.3
1634868300.0,26.3
1634868600.0,26.3
1634868900.0,26.29
1634869200.0,26.29
1634869500.0,26.28
1634869800.0,26.29
1634870100.0,26.29
1634870400.0,26.34
1634870700.0,26.37
1634871000.0,26.37
1634871300.0,26.37
1634871600.0,26.37
1634871900.0,26.33
1634872200.0,26.29
1634872500.0,26.29
1634872800.0,26.29
1634873100.0,26.29
1634873400.0,26.29
1634873700.0,26.29
1634874000.0,26.29
1634874300.0,26.29
1634874600.0,26.28
1634874900.0,26.29
1634875200.0,26.29
1634875500.0,26.36
1634875800.0,26.42
1634876100.0,26.43
1634876400.0,26.44
1634876700.0,26.37
1634877000.0,26.37
1634877300.0,26.37
1634877600.0,26.36
1634877900.0,26.3
1634878200.0,26.3
1634878500.0,26.33
1634878800.0,26.29
1634879100.0,26.29
1634879400.0,26.28
1634879700.0,26.28
1634880000.0,26.28
1634880300.0,26.28
1634880600.0,26.28
1634880900.0,26.33
1634881200.0,26.33
1634881500.0,26.32
1634881800.0,26.32
1634882100.0,26.32
1634882400.0,26.32
1634882700.0,26.33
1634883000.0,26.32
1634883300.0,26.33
1634883600.0,26.33
1634883900.0,26.32
1634884200.0,26.31
1634884500.0,26.33
1634884800.0,26.32
1634885100.0,26.32
1634885400.0,26.33
1634885700.0,26.33
1634886000.0,26.34
1634886300.0,26.34
1634886600.0,26.34
1634886900.0,26.34
1634887200.0,26.33
1634887500.0,26.35
1634887800.0,26.34
1634888100.0,26.35
1634888400.0,26.34
1634888700.0,26.35
1634889000.0,26.33
1634889300.0,26.33
1634889600.0,26.35
1634889900.0,26.33
1634890200.0,26.35
1634890500.0,26.33
1634890800.0,26.34
1634891100.0,26.34
1634891400.0,26.33
1634891700.0,26.34
1634892000.0,26.34
1634892300.0,26.33
1634892600.0,26.33
1634892900.0,26.34
1634893200.0,26.33
1634893500.0,26.34
1634893800.0,26.33
1634894100.0,26.34
1634894400.0,26.33
1634894700.0,26.34
1634895000.0,26.33
1634895300.0,26.35
1634895600.0,26.35
1634895900.0,26.33
1634896200.0,26.32
1634896500.0,26.32
1634896800.0,26.32
1634897100.0,26.32
1634897400.0,26.31
1634897700.0,26.33
1634898000.0,26.31
1634898300.0,26.32
1634898600.0,26.32
1634898900.0,26.33
1634899200.0,26.34
1634899500.0,26.32
1634899800.0,26.34
1634900100.0,26.35
1634900400.0,26.32
1634900700.0,26.35
1634901000.0,26.31
1634901300.0,26.32
1634901600.0,26.32
1634901900.0,26.32
1634902200.0,26.35
1634902500.0,26.32
1634902800.0,26.35
1634903100.0,26.33
1634903400.0,26.33
1634903700.0,26.33
1634904000.0,26.33
1634904300.0,26.35
1634904600.0,26.33
1634904600.0,26.33
1634904900.0,26.33
1634905200.0,26.36
1634905500.0,26.34
1634905800.0,26.31
1634906100.0,26.31
1634906400.0,26.31
1634906700.0,26.32
1634907000.0,26.32
1634907300.0,26.35
1634907600.0,26.35
1634907900.0,26.35
1634908200.0,26.36
1634908500.0,26.35
1634908800.0,26.34
1634909100.0,26.34
1634909400.0,26.33
1634909700.0,26.33
1634910000.0,26.36
1634910300.0,26.34
1634910600.0,26.36
1634910900.0,26.34
1634911200.0,26.36
1634911500.0,26.36
1634911800.0,26.34
1634912100.0,26.33
1634912400.0,26.36
1634912700.0,26.34
1634913000.0,26.36
1634913300.0,26.35
1634913600.0,26.34
1634913900.0,26.37
1634914200.0,26.37
1634914500.0,26.37
1634914800.0,26.37
1634915100.0,26.36
1634915400.0,26.35
1634915700.0,26.36
1634916000.0,26.35
1634916300.0,26.34
1634916600.0,26.35
1634916900.0,26.34
1634917200.0,26.36
1634917500.0,26.36
1634917800.0,26.35
1634918100.0,26.35
1634918400.0,26.36
1634918700.0,26.37
1634919000.0,26.37
1634919300.0,26.37
1634919600.0,26.37
1634919900.0,26.36
1634920200.0,26.34
1634920500.0,26.34
1634920800.0,26.36
1634921100.0,26.36
1634921400.0,26.34
1634921700.0,26.36
1634922000.0,26.35
1634922300.0,26.37
1634922600.0,26.36
1634922900.0,26.37
1634923200.0,26.35
1634923500.0,26.37
1634923800.0,26.36
1634924100.0,26.36
1634924400.0,26.35
1634924700.0,26.36
1634925000.0,26.34
1634925300.0,26.35
1634925600.0,26.35
1634925900.0,26.34
1634926200.0,26.35
1634926500.0,26.34
1634926800.0,26.34
1634927100.0,26.35
1634927400.0,26.35
1634927700.0,26.35
1634928000.0,26.36
1634928300.0,26.35
1634928600.0,26.36
1634928900.0,26.36
1634929200.0,26.36
1634929500.0,26.36
1634929800.0,26.35
1634930100.0,26.37
1634930400.0,26.35
1634930700.0,26.37
1634931000.0,26.37
1634931300.0,26.37
1634931600.0,26.35
1634931900.0,26.36
1634932200.0,26.35
1634932500.0,26.35
1634932800.0,26.36
1634933100.0,26.36
1634933400.0,26.36
1634933700.0,26.35
1634934000.0,26.36
1634934300.0,26.36
1634934600.0,26.37
1634934900.0,26.36
1634935200.0,26.37
1634935500.0,26.37
1634935800.0,26.37
1634936100.0,26.37
1634936400.0,26.35
1634936700.0,26.35
1634937000.0,26.35
1634937300.0,26.35
1634937600.0,26.36
1634937900.0,26.35
1634938200.0,26.36
1634938500.0,26.36
1634938800.0,26.35
1634939100.0,26.35
1634939400.0,26.37
1634939700.0,26.36
1634940000.0,26.37
1634940300.0,26.36
1634940600.0,26.35
1634940900.0,26.36
1634941200.0,26.36
1634941500.0,26.36
1634941800.0,26.36
1634942100.0,26.34
1634942400.0,26.34
1634942700.0,26.34
1634943000.0,26.35
1634943300.0,26.35
1634943600.0,26.34
1634943900.0,26.37
1634944200.0,26.37
1634944500.0,26.37
1634944800.0,26.37
1634945100.0,26.37
1634945400.0,26.37
1634945700.0,26.34
1634946000.0,26.37
1634946300.0,26.37
1634946600.0,26.37
1634946900.0,26.37
1634947200.0,26.37
1634947500.0,26.37
1634947800.0,26.37
1634948100.0,26.37
1634948400.0,26.37
1634948700.0,26.37
1634949000.0,26.37
1634949300.0,26.37
1634949600.0,26.37
1634949900.0,26.37
1634950200.0,26.37
1634950500.0,26.37
1634950800.0,26.37
1634951100.0,26.37
1634951400.0,26.37
1634951700.0,26.37
1634952000.0,26.34
1634952300.0,26.37
1634952600.0,26.34
1634952900.0,26.34
1634953200.0,26.34
1634953500.0,26.34
1634953800.0,26.34
1634954100.0,26.34
1634954400.0,26.34
1634954700.0,26.34
1634955000.0,26.34
1634955300.0,26.35
1634955600.0,26.35
1634955900.0,26.35
1634956200.0,26.35
1634956500.0,26.35
1634956800.0,26.35
1634957100.0,26.35
1634957400.0,26.35
1634957700.0,26.35
1634958000.0,26.35
1634958300.0,26.35
1634958600.0,26.35
1634958900.0,26.35
1634959200.0,26.35
1634959500.0,26.35
1634959800.0,26.35
1634960100.0,26.35
1634960400.0,26.35
1634960700.0,26.35
1634961000.0,26.35
1634961300.0,26.35
1634961600.0,26.35
1634961900.0,26.36
1634962200.0,26.35
1634962500.0,26.35
1634962800.0,26.35
1634963100.0,26.35
1634963400.0,26.35
1634963700.0,26.35
1634964000.0,26.35
1634964300.0,26.35
1634964600.0,26.36
1634964900.0,26.37
1634965200.0,26.37
1634965500.0,26.37
1634965800.0,26.35
1634966100.0,26.35
1634966400.0,26.35
1634966700.0,26.35
1634967000.0,26.35
1634967300.0,26.35
1634967600.0,26.35
1634967900.0,26.38
1634968200.0,26.38
1634968500.0,26.35
1634968800.0,26.36
1634969100.0,26.36
1634969400.0,26.38
1634969700.0,26.38
1634970000.0,26.35
1634970300.0,26.38
1634970600.0,26.35
1634970900.0,26.37
1634971200.0,26.37
1634971500.0,26.37
1634971800.0,26.37
1634972100.0,26.35
1634972400.0,26.35
1634972700.0,26.35
1634973000.0,26.35
1634973300.0,26.35
1634973600.0,26.35
1634973900.0,26.35
1634974200.0,26.35
1634974500.0,26.37
1634974800.0,26.37
1634975100.0,26.36
1634975400.0,26.37
1634975700.0,26.37
1634976000.0,26.36
1634976300.0,26.37
1634976600.0,26.36
1634976900.0,26.36
1634977200.0,26.36
1634977500.0,26.37
1634977800.0,26.36
1634978100.0,26.36
1634978400.0,26.37
1634978700.0,26.37
1634979000.0,26.37
1634979300.0,26.36
1634979600.0,26.36
1634979900.0,26.35
1634980200.0,26.34
1634980500.0,26.34
1634980800.0,26.34
1634981100.0,26.35
1634981400.0,26.34
1634981700.0,26.35
1634982000.0,26.34
1634982300.0,26.34
1634982600.0,26.37
1634982900.0,26.37
1634983200.0,26.34
1634983500.0,26.34
1634983800.0,26.34
1634984100.0,26.34
1634984400.0,26.34
1634984700.0,26.34
1634985000.0,26.34
1634985300.0,26.34
1634985600.0,26.35
1634985900.0,26.36
1634986200.0,26.36
1634986500.0,26.36
1634986800.0,26.36
1634987100.0,26.35
1634987400.0,26.35
1634987700.0,26.34
1634988000.0,26.37
1634988300.0,26.37
1634988600.0,26.37
1634988900.0,26.35
1634989200.0,26.36
1634989500.0,26.36
1634989800.0,26.36
1634990100.0,26.37
1634990400.0,26.37
1634990700.0,26.37
1634991000.0,26.36
1634991300.0,26.37
1634991600.0,26.36
1634991900.0,26.35
1634992200.0,26.35
1634992500.0,26.37
1634992800.0,26.34
1634993100.0,26.35
1634993400.0,26.36
1634993700.0,26.36
1634994000.0,26.34
1634994300.0,26.36
1634994600.0,26.36
1634994900.0,26.34
1634995200.0,26.36
1634995500.0,26.34
1634995800.0,26.36
1634996100.0,26.35
1634996400.0,26.33
1634996700.0,26.33
1634997000.0,26.36
1634997300.0,26.35
1634997600.0,26.34
1634997900.0,26.36
1634998200.0,26.35
1634998500.0,26.35
1634998800.0,26.35
1634999100.0,26.36
1634999400.0,26.35
1634999700.0,26.35
1635000000.0,26.36
1635000300.0,26.35
1635000600.0,26.34
1635000900.0,26.34
1635001200.0,26.34
1635001500.0,26.34
1635001800.0,26.36
1635002100.0,26.35
1635002400.0,26.35
1635002700.0,26.34
1635003000.0,26.35
1635003300.0,26.36
1635003600.0,26.35
1635003900.0,26.36
1635004200.0,26.35
1635004500.0,26.36
1635004800.0,26.36
1635005100.0,26.35
1635005400.0,26.35
1635005700.0,26.35
1635006000.0,26.36
1635006300.0,26.36
1635006600.0,26.36
1635006900.0,26.36
1635007200.0,26.35
1635007500.0,26.36
1635007800.0,26.35
1635008100.0,26.36
1635008400.0,26.36
1635008700.0,26.36
1635009000.0,26.36
1635009300.0,26.35
1635009600.0,26.34
1635009900.0,26.36
1635010200.0,26.34
1635010500.0,26.35
1635010800.0,26.35
1635011100.0,26.34
1635011400.0,26.34
1635011700.0,26.34
1635012000.0,26.34
1635012300.0,26.36
1635012600.0,26.36
1635012900.0,26.35
1635013200.0,26.34
1635013500.0,26.36
1635013800.0,26.36
1635014100.0,26.35
1635014400.0,26.34
1635014700.0,26.34
1635015000.0,26.36
1635015300.0,26.34
1635015600.0,26.34
1635015900.0,26.35
1635016200.0,26.35
1635016500.0,26.35
1635016800.0,26.35
1635017100.0,26.35
1635017400.0,26.35
1635017700.0,26.35
1635018000.0,26.34
1635018300.0,26.34
1635018600.0,26.35
1635018900.0,26.35
1635019200.0,26.34
1635019500.0,26.35
1635019800.0,26.35
1635020100.0,26.36
1635020400.0,26.36
1635020700.0,26.36
1635021000.0,26.36
1635021300.0,26.35
1635021600.0,26.36
1635021900.0,26.35
1635022200.0,26.36
1635022500.0,26.36
1635022800.0,26.36
1635023100.0,26.36
1635023400.0,26.36
1635023700.0,26.36
1635024000.0,26.36
1635024300.0,26.36
1635024600.0,26.36
1635024900.0,26.36
1635025200.0,26.36
1635025500.0,26.35
1635025800.0,26.36
1635026100.0,26.35
1635026400.0,26.35
1635026700.0,26.36
1635027000.0,26.35
1635027300.0,26.35
1635027600.0,26.36
1635027900.0,26.36
1635028200.0,26.36
1635028500.0,26.36
1635028800.0,26.36
1635029100.0,26.35
1635029400.0,26.36
1635029700.0,26.36
1635030000.0,26.35
1635030300.0,26.35
1635030600.0,26.35
1635030900.0,26.36
1635031200.0,26.36
1635031500.0,26.35
1635031800.0,26.35
1635032100.0,26.35
1635032400.0,26.36
1635032700.0,26.35
1635033000.0,26.35
1635033300.0,26.35
1635033600.0,26.35
1635033900.0,26.35
1635034200.0,26.35
1635034500.0,26.36
1635034800.0,26.36
1635035100.0,26.35
1635035400.0,26.35
1635035700.0,26.35
1635036000.0,26.35
1635036300.0,26.35
1635036600.0,26.35
1635036900.0,26.35
1635037200.0,26.35
1635037500.0,26.36
1635037800.0,26.36
1635038100.0,26.36
1635038400.0,26.35
1635038700.0,26.36
1635039000.0,26.36
1635039300.0,26.36
1635039600.0,26.36
1635039900.0,26.35
1635040200.0,26.35
1635040500.0,26.35
1635040800.0,26.35
1635041100.0,26.35
1635041400.0,26.35
1635041700.0,26.35
1635042000.0,26.35
1635042300.0,26.36
1635042600.0,26.36
1635042900.0,26.36
1635043200.0,26.35
1635043500.0,26.35
1635043800.0,26.35
1635044100.0,26.35
1635044400.0,26.35
1635044700.0,26.35
1635045000.0,26.35
1635045300.0,26.36
1635045600.0,26.36
1635045900.0,26.36
1635046200.0,26.36
1635046500.0,26.36
1635046800.0,26.34
1635047100.0,26.34
1635047400.0,26.35
1635047700.0,26.35
1635048000.0,26.35
1635048300.0,26.35
1635048600.0,26.35
1635048900.0,26.35
1635049200.0,26.35
1635049500.0,26.35
1635049800.0,26.35
1635050100.0,26.35
1635050400.0,26.34
1635050700.0,26.34
1635051000.0,26.34
1635051300.0,26.34
1635051600.0,26.34
1635051900.0,26.35
1635052200.0,26.34
1635052500.0,26.34
1635052800.0,26.35
1635053100.0,26.35
1635053400.0,26.35
1635053700.0,26.34
1635054000.0,26.34
1635054300.0,26.34
1635054300.0,26.34
1635054600.0,26.35
1635054900.0,26.34
1635055200.0,26.34
1635055500.0,26.34
1635055800.0,26.34
1635056100.0,26.35
1635056400.0,26.35
1635056700.0,26.35
1635057000.0,26.36
1635057300.0,26.36
1635057600.0,26.36
1635057900.0,26.36
1635058200.0,26.36
1635058500.0,26.36
1635058800.0,26.35
1635059100.0,26.35
1635059400.0,26.35
1635059700.0,26.36
1635060000.0,26.35
1635060300.0,26.36
1635060600.0,26.36
1635060900.0,26.35
1635061200.0,26.35
1635061500.0,26.35
1635061800.0,26.36
1635062100.0,26.36
1635062400.0,26.34
1635062700.0,26.35
1635063000.0,26.34
1635063300.0,26.34
1635063600.0,26.36
1635063900.0,26.35
1635064200.0,26.36
1635064500.0,26.35
1635064800.0,26.36
1635065100.0,26.36
1635065400.0,26.35
1635065700.0,26.35
1635066000.0,26.35
1635066300.0,26.34
1635066600.0,26.36
1635066900.0,26.35
1635067200.0,26.35
1635067500.0,26.36
1635067800.0,26.36
1635068100.0,26.35
1635068400.0,26.35
1635068700.0,26.35
1635069000.0,26.34
1635069300.0,26.35
1635069600.0,26.36
1635069900.0,26.35
1635070200.0,26.35
1635070500.0,26.36
1635070800.0,26.36
1635071100.0,26.35
1635071400.0,26.36
1635071700.0,26.36
1635072000.0,26.34
1635072300.0,26.36
1635072600.0,26.34
1635072900.0,26.34
1635073200.0,26.34
1635073500.0,26.35
1635073800.0,26.34
1635074100.0,26.34
1635074400.0,26.35
1635074700.0,26.36
1635075000.0,26.36
1635075300.0,26.36
1635075600.0,26.35
1635075900.0,26.35
1635076200.0,26.36
1635076500.0,26.35
1635076800.0,26.35
1635077100.0,26.35
1635077400.0,26.35
1635077700.0,26.36
1635078000.0,26.35
1635078300.0,26.36
1635078600.0,26.36
1635078900.0,26.35
1635079200.0,26.35
1635079500.0,26.35
1635079800.0,26.36
1635080100.0,26.35
1635080400.0,26.35
1635080700.0,26.36
1635081000.0,26.36
1635081300.0,26.36
1635081600.0,26.35
1635081900.0,26.35
1635082200.0,26.36
1635082500.0,26.35
1635082800.0,26.35
1635083100.0,26.36
1635083400.0,26.36
1635083700.0,26.36
1635084000.0,26.36
1635084300.0,26.35
1635084600.0,26.36
1635084900.0,26.36
1635085200.0,26.36
1635085500.0,26.36
1635085800.0,26.36
1635086100.0,26.36
1635086400.0,26.35
1635086700.0,26.35
1635087000.0,26.35
1635087300.0,26.36
1635087600.0,26.36
1635087900.0,26.35
1635088200.0,26.36
1635088500.0,26.35
1635088800.0,26.36
1635089100.0,26.34
1635089400.0,26.36
1635089700.0,26.36
1635090000.0,26.37
1635090300.0,26.36
1635090600.0,26.37
1635090900.0,26.37
1635091200.0,26.35
1635091500.0,26.36
1635091800.0,26.37
1635092100.0,26.37
1635092400.0,26.37
1635092700.0,26.35
1635093000.0,26.36
1635093300.0,26.36
1635093600.0,26.37
1635093900.0,26.36
1635094200.0,26.36
1635094500.0,26.34
1635094800.0,26.33
1635095100.0,26.32
1635095400.0,26.34
1635095700.0,26.33
1635096000.0,26.33
1635096300.0,26.34
1635096600.0,26.32
1635096900.0,26.32
1635097200.0,26.33
1635097500.0,26.33
1635097800.0,26.36
1635098100.0,26.34
1635098400.0,26.36
1635098700.0,26.35
1635099000.0,26.36
1635099300.0,26.34
1635099600.0,26.35
1635099900.0,26.33
1635100200.0,26.35
1635100500.0,26.35
1635100800.0,26.34
1635101100.0,26.34
1635101400.0,26.35
1635101700.0,26.36
1635102000.0,26.34
1635102300.0,26.34
1635102600.0,26.32
1635102900.0,26.36
1635103200.0,26.36
1635103500.0,26.36
1635103800.0,26.35
1635104100.0,26.34
1635104400.0,26.34
1635104700.0,26.36
1635105000.0,26.36
1635105300.0,26.33
1635105600.0,26.34
1635105900.0,26.33
1635106200.0,26.34
1635106500.0,26.34
1635106800.0,26.31
1635107100.0,26.31
1635107400.0,26.28
1635107700.0,26.33
1635108000.0,26.32
1635108300.0,26.31
1635108600.0,26.33
1635108900.0,26.33
1635109200.0,26.31
1635109500.0,26.31
1635109800.0,26.36
1635110100.0,26.34
1635110400.0,26.34
1635110700.0,26.32
1635111000.0,26.36
1635111300.0,26.32
1635111600.0,26.32
1635111900.0,26.32
1635112200.0,26.36
1635112500.0,26.35
1635112800.0,26.31
1635113100.0,26.32
1635113400.0,26.31
1635113700.0,26.31
1635114000.0,26.31
1635114300.0,26.31
1635114600.0,26.31
1635114900.0,26.31
1635115200.0,26.36
1635115500.0,26.36
1635115800.0,26.36
1635116100.0,26.36
1635116400.0,26.36
1635116700.0,26.31
1635117000.0,26.31
1635117300.0,26.34
1635117600.0,26.31
1635117900.0,26.34
1635118200.0,26.34
1635118500.0,26.31
1635118800.0,26.31
1635119100.0,26.35
1635119400.0,26.32
1635119700.0,26.32
1635120000.0,26.35
1635120300.0,26.33
1635120600.0,26.33
1635120900.0,26.33
1635121200.0,26.33
1635121500.0,26.34
1635121800.0,26.34
1635122100.0,26.34
1635122400.0,26.34
1635122700.0,26.36
1635123000.0,26.33
1635123300.0,26.33
1635123600.0,26.33
1635123900.0,26.32
1635124200.0,26.31
1635124500.0,26.3
1635124800.0,26.3
1635125100.0,26.3
1635125400.0,26.3
1635125700.0,26.35
1635126000.0,26.29
1635126300.0,26.29
1635126600.0,26.29
1635126900.0,26.35
1635127200.0,26.35
1635127500.0,26.35
1635127800.0,26.35
1635128100.0,26.35
1635128400.0,26.35
1635128700.0,26.35
1635129000.0,26.35
1635129300.0,26.35
1635129600.0,26.35
1635129900.0,26.31
1635130200.0,26.31
1635130500.0,26.31
1635130800.0,26.31
1635131100.0,26.31
1635131400.0,26.31
1635131700.0,26.31
1635132000.0,26.33
1635132300.0,26.33
1635132600.0,26.33
1635132900.0,26.31
1635133200.0,26.32
1635133500.0,26.32
1635133800.0,26.31
1635134100.0,26.31
1635134400.0,26.31
1635134700.0,26.31
1635135000.0,26.31
1635135300.0,26.31
1635135600.0,26.31
1635135900.0,26.31
1635136200.0,26.32
1635136500.0,26.31
1635136800.0,26.31
1635137100.0,26.33
1635137400.0,26.33
1635137700.0,26.33
1635138000.0,26.35
1635138300.0,26.35
1635138600.0,26.34
1635138900.0,26.34
1635139200.0,26.33
1635139500.0,26.32
1635139800.0,26.31
1635140100.0,26.31
1635140400.0,26.31
1635140700.0,26.3
1635141000.0,26.3
1635141300.0,26.31
1635141600.0,26.31
1635141900.0,26.31
1635142200.0,26.31
1635142500.0,26.35
1635142800.0,26.35
1635143100.0,26.35
1635143400.0,26.31
1635143700.0,26.29
1635144000.0,26.29
1635144300.0,26.29
1635144600.0,26.29
1635144900.0,26.31
1635145200.0,26.3
1635145500.0,26.3
1635145800.0,26.3
1635146100.0,26.32
1635146400.0,26.32
1635146700.0,26.34
1635147000.0,26.35
1635147300.0,26.35
1635147600.0,26.35
1635147900.0,26.35
1635148200.0,26.35
1635148500.0,26.34
1635148800.0,26.33
1635149100.0,26.33
1635149400.0,26.34
1635149700.0,26.34
1635150000.0,26.32
1635150300.0,26.32
1635150600.0,26.33
1635150900.0,26.34
1635151200.0,26.34
1635151500.0,26.33
1635151800.0,26.35
1635152100.0,26.37
1635152400.0,26.37
1635152700.0,26.35
1635153000.0,26.35
1635153300.0,26.35
1635153600.0,26.36
1635153900.0,26.34
1635154200.0,26.34
1635154500.0,26.34
1635154800.0,26.34
1635155100.0,26.34
1635155400.0,26.34
1635155700.0,26.35
1635156000.0,26.34
1635156300.0,26.33
1635156600.0,26.33
1635156900.0,26.33
1635157200.0,26.34
1635157500.0,26.34
1635157800.0,26.34
1635158100.0,26.35
1635158400.0,26.34
1635158700.0,26.34
1635159000.0,26.35
1635159300.0,26.34
1635159600.0,26.35
1635159900.0,26.34
1635160200.0,26.34
1635160500.0,26.35
1635160800.0,26.36
1635161100.0,26.35
1635161400.0,26.34
1635161700.0,26.35
1635162000.0,26.34
1635162300.0,26.35
1635162600.0,26.35
1635162900.0,26.34
1635163200.0,26.34
1635163500.0,26.34
1635163800.0,26.38
1635164100.0,26.43
1635164400.0,26.47
1635164700.0,26.42
1635165000.0,26.45
1635165300.0,26.4
1635165600.0,26.38
1635165900.0,26.4
1635166200.0,26.41
1635166500.0,26.41
1635166800.0,26.44
1635167100.0,26.45
1635167400.0,26.48
1635167700.0,26.43
1635168000.0,26.43
1635168300.0,26.43
1635168600.0,26.45
1635168900.0,26.42
1635169200.0,26.41
1635169500.0,26.48
1635169800.0,26.49
1635170100.0,26.5
1635170400.0,26.5
1635170700.0,26.5
1635171000.0,26.45
1635171300.0,26.49
1635171600.0,26.45
1635171900.0,26.44
1635172200.0,26.43
1635172500.0,26.46
1635172800.0,26.44
1635173100.0,26.44
1635173400.0,26.48
1635173700.0,26.48
1635174000.0,26.45
1635174300.0,26.45
1635174600.0,26.47
1635174900.0,26.45
1635175200.0,26.46
1635175500.0,26.46
1635175800.0,26.48
1635176100.0,26.48
1635176400.0,26.48
1635176700.0,26.49
1635177000.0,26.48
1635177300.0,26.49
1635177600.0,26.48
1635177900.0,26.48
1635178200.0,26.49
1635178500.0,26.5
1635178800.0,26.5
1635179100.0,26.52
1635179400.0,26.49
1635179700.0,26.49
1635180000.0,26.48
1635180300.0,26.48
1635180600.0,26.48
1635180900.0,26.49
1635181200.0,26.49
1635181500.0,26.49
1635181800.0,26.48
1635182100.0,26.5
1635182400.0,26.49
1635182700.0,26.48
1635183000.0,26.49
1635183300.0,26.49
1635183600.0,26.48
1635183900.0,26.48
1635184200.0,26.48
1635184500.0,26.49
1635184800.0,26.47
1635185100.0,26.49
1635185400.0,26.48
1635185700.0,26.49
1635186000.0,26.48
1635186300.0,26.47
1635186600.0,26.48
1635186900.0,26.49
1635187200.0,26.49
1635187500.0,26.48
1635187800.0,26.48
1635188100.0,26.48
1635188400.0,26.49
1635188700.0,26.51
1635189000.0,26.51
1635189300.0,26.51
1635189600.0,26.5
1635189900.0,26.5
1635190200.0,26.52
1635190500.0,26.5
1635190800.0,26.5
1635191100.0,26.52
1635191400.0,26.52
1635191700.0,26.52
1635192000.0,26.5
1635192300.0,26.5
1635192600.0,26.52
1635192900.0,26.49
1635193200.0,26.5
1635193500.0,26.49
1635193800.0,26.49
1635194100.0,26.49
1635194400.0,26.51
1635194700.0,26.51
1635195000.0,26.5
1635195300.0,26.49
1635195600.0,26.49
1635195900.0,26.49
1635196200.0,26.49
1635196500.0,26.48
1635196800.0,26.47
1635197100.0,26.48
1635197400.0,26.49
1635197700.0,26.47
1635198000.0,26.46
1635198300.0,26.45
1635198600.0,26.47
1635198900.0,26.48
1635199200.0,26.43
1635199500.0,26.43
1635199800.0,26.43
1635200100.0,26.44
1635200400.0,26.5
1635200700.0,26.49
1635201000.0,26.47
1635201300.0,26.49
1635201600.0,26.49
1635201900.0,26.49
1635202200.0,26.49
1635202500.0,26.49
1635202800.0,26.44
1635203100.0,26.46
1635203400.0,26.42
1635203700.0,26.42
1635204000.0,26.46
1635204000.0,26.46
1635204300.0,26.47
1635204600.0,26.42
1635204900.0,26.47
1635205200.0,26.43
1635205500.0,26.45
1635205800.0,26.43
1635206100.0,26.43
1635206400.0,26.43
1635206700.0,26.42
1635207000.0,26.47
1635207300.0,26.42
1635207600.0,26.42
1635207900.0,26.42
1635208200.0,26.42
1635208500.0,26.42
1635208800.0,26.42
1635209100.0,26.42
1635209400.0,26.45
1635209700.0,26.45
1635210000.0,26.46
1635210300.0,26.47
1635210600.0,26.47
1635210900.0,26.47
1635211200.0,26.42
1635211500.0,26.42
1635211800.0,26.42
1635212100.0,26.42
1635212400.0,26.42
1635212700.0,26.48
1635213000.0,26.48
1635213300.0,26.46
1635213600.0,26.44
1635213900.0,26.44
1635214200.0,26.44
1635214500.0,26.44
1635214800.0,26.44
1635215100.0,26.44
1635215400.0,26.44
1635215700.0,26.44
1635216000.0,26.44
1635216300.0,26.46
1635216600.0,26.46
1635216900.0,26.45
1635217200.0,26.45
1635217500.0,26.45
1635217800.0,26.45
1635218100.0,26.46
1635218400.0,26.46
1635218700.0,26.46
1635219000.0,26.46
1635219300.0,26.47
1635219600.0,26.47
1635219900.0,26.47
1635220200.0,26.47
1635220500.0,26.45
1635220800.0,26.42
1635221100.0,26.42
1635221400.0,26.42
1635221700.0,26.42
1635222000.0,26.42
1635222300.0,26.48
1635222600.0,26.48
1635222900.0,26.48
1635223200.0,26.43
1635223500.0,26.43
1635223800.0,26.43
1635224100.0,26.47
1635224400.0,26.43
1635224700.0,26.43
1635225000.0,26.42
1635225300.0,26.42
1635225600.0,26.45
1635225900.0,26.44
1635226200.0,26.43
1635226500.0,26.45
1635226800.0,26.45
1635227100.0,26.48
1635227400.0,26.46
1635227700.0,26.46
1635228000.0,26.49
1635228300.0,26.46
1635228600.0,26.46
1635228900.0,26.46
1635229200.0,26.46
1635229500.0,26.46
1635229800.0,26.49
1635230100.0,26.5
1635230400.0,26.5
1635230700.0,26.5
1635231000.0,26.5
1635231300.0,26.51
1635231600.0,26.5
1635231900.0,26.47
1635232200.0,26.49
1635232500.0,26.45
1635232800.0,26.48
1635233100.0,26.44
1635233400.0,26.49
1635233700.0,26.49
1635234000.0,26.49
1635234300.0,26.47
1635234600.0,26.47
1635234900.0,26.47
1635235200.0,26.5
1635235500.0,26.5
1635235800.0,26.49
1635236100.0,26.5
1635236400.0,26.5
1635236700.0,26.5
1635237000.0,26.46
1635237300.0,26.5
1635237600.0,26.51
1635237900.0,26.52
1635238200.0,26.52
1635238500.0,26.54
1635238800.0,26.52
1635239100.0,26.53
1635239400.0,26.52
1635239700.0,26.52
1635240000.0,26.55
1635240300.0,26.53
1635240600.0,26.54
1635240900.0,26.53
1635241200.0,26.54
1635241500.0,26.54
1635241800.0,26.54
1635242100.0,26.55
1635242400.0,26.53
1635242700.0,26.54
1635243000.0,26.53
1635243300.0,26.53
1635243600.0,26.52
1635243900.0,26.54
1635244200.0,26.53
1635244500.0,26.54
1635244800.0,26.52
1635245100.0,26.55
1635245400.0,26.53
1635245700.0,26.53
1635246000.0,26.54
1635246300.0,26.54
1635246600.0,26.52
1635246900.0,26.53
1635247200.0,26.52
1635247500.0,26.5
1635247800.0,26.51
1635248100.0,26.51
1635248400.0,26.51
1635248700.0,26.48
1635249000.0,26.5
1635249300.0,26.48
1635249600.0,26.49
1635249900.0,26.49
1635250200.0,26.49
1635250500.0,26.49
1635250800.0,26.49
1635251100.0,26.48
1635251400.0,26.49
1635251700.0,26.5
1635252000.0,26.5
1635252300.0,26.51
1635252600.0,26.52
1635252900.0,26.5
1635253200.0,26.49
1635253500.0,26.51
1635253800.0,26.49
1635254100.0,26.51
1635254400.0,26.5
1635254700.0,26.5
1635255000.0,26.5
1635255300.0,26.5
1635255600.0,26.51
1635255900.0,26.51
1635256200.0,26.51
1635256500.0,26.5
1635256800.0,26.51
1635257100.0,26.52
1635257400.0,26.51
1635257700.0,26.5
1635258000.0,26.52
1635258300.0,26.5
1635258600.0,26.5
1635258900.0,26.51
1635259200.0,26.52
1635259500.0,26.52
1635259800.0,26.52
1635260100.0,26.52
1635260400.0,26.5
1635260700.0,26.52
1635261000.0,26.51
1635261300.0,26.51
1635261600.0,26.52
1635261900.0,26.51
1635262200.0,26.52
1635262500.0,26.5
1635262800.0,26.52
1635263100.0,26.51
1635263400.0,26.49
1635263700.0,26.51
1635264000.0,26.51
1635264300.0,26.51
1635264600.0,26.52
1635264900.0,26.51
1635265200.0,26.5
1635265500.0,26.5
1635265800.0,26.5
1635266100.0,26.51
1635266400.0,26.5
1635266700.0,26.5
1635267000.0,26.51
1635267300.0,26.49
1635267600.0,26.51
1635267900.0,26.5
1635268200.0,26.5
1635268500.0,26.51
1635268800.0,26.5
1635269100.0,26.5
1635269400.0,26.5
1635269700.0,26.5
1635270000.0,26.51
1635270300.0,26.51
1635270600.0,26.51
1635270900.0,26.51
1635271200.0,26.51
1635271500.0,26.5
1635271800.0,26.51
1635272100.0,26.5
1635272400.0,26.5
1635272700.0,26.49
1635273000.0,26.5
1635273300.0,26.48
1635273600.0,26.49
1635273900.0,26.52
1635274200.0,26.5
1635274500.0,26.5
1635274800.0,26.52
1635275100.0,26.5
1635275400.0,26.52
1635275700.0,26.52
1635276000.0,26.49
1635276300.0,26.5
1635276600.0,26.49
1635276900.0,26.49
1635277200.0,26.51
1635277500.0,26.51
1635277800.0,26.49
1635278100.0,26.51
1635278400.0,26.51
1635278700.0,26.52
1635279000.0,26.49
1635279300.0,26.47
1635279600.0,26.49
1635279900.0,26.49
1635280200.0,26.5
1635280500.0,26.49
1635280800.0,26.49
1635281100.0,26.47
1635281400.0,26.47
1635281700.0,26.47
1635282000.0,26.5
1635282300.0,26.48
1635282600.0,26.49
1635282900.0,26.5
1635283200.0,26.48
1635283500.0,26.51
1635283800.0,26.52
1635284100.0,26.52
1635284400.0,26.52
1635284700.0,26.51
1635285000.0,26.52
1635285300.0,26.49
1635285600.0,26.52
1635285900.0,26.5
1635286200.0,26.5
1635286500.0,26.49
1635286800.0,26.49
1635287100.0,26.51
1635287400.0,26.48
1635287700.0,26.48
1635288000.0,26.48
1635288300.0,26.52
1635288600.0,26.52
1635288900.0,26.52
1635289200.0,26.52
1635289500.0,26.52
1635289800.0,26.51
1635290100.0,26.53
1635290400.0,26.53
1635290700.0,26.5
1635291000.0,26.53
1635291300.0,26.53
1635291600.0,26.53
1635291900.0,26.53
1635292200.0,26.5
1635292500.0,26.53
1635292800.0,26.49
1635293100.0,26.52
1635293400.0,26.52
1635293700.0,26.52
1635294000.0,26.52
1635294300.0,26.52
1635294600.0,26.52
1635294900.0,26.46
1635295200.0,26.46
1635295500.0,26.46
1635295800.0,26.46
1635296100.0,26.46
1635296400.0,26.46
1635296700.0,26.46
1635297000.0,26.46
1635297300.0,26.46
1635297600.0,26.46
1635297900.0,26.48
1635298200.0,26.48
1635298500.0,26.48
1635298800.0,26.48
1635299100.0,26.53
1635299400.0,26.53
1635299700.0,26.53
1635300000.0,26.53
1635300300.0,26.46
1635300600.0,26.46
1635300900.0,26.46
1635301200.0,26.46
1635301500.0,26.46
1635301800.0,26.46
1635302100.0,26.46
1635302400.0,26.46
1635302700.0,26.46
1635303000.0,26.46
1635303300.0,26.46
1635303600.0,26.46
1635303900.0,26.5
1635304200.0,26.47
1635304500.0,26.47
1635304800.0,26.47
1635305100.0,26.47
1635305400.0,26.48
1635305700.0,26.49
1635306000.0,26.48
1635306300.0,26.48
1635306600.0,26.48
1635306900.0,26.48
1635307200.0,26.48
1635307500.0,26.48
1635307800.0,26.5
1635308100.0,26.5
1635308400.0,26.5
1635308700.0,26.5
1635309000.0,26.48
1635309300.0,26.48
1635309600.0,26.48
1635309900.0,26.53
1635310200.0,26.51
1635310500.0,26.5
1635310800.0,26.5
1635311100.0,26.52
1635311400.0,26.53
1635311700.0,26.53
1635312000.0,26.53
1635312300.0,26.53
1635312600.0,26.53
1635312900.0,26.53
1635313200.0,26.53
1635313500.0,26.53
1635313800.0,26.53
1635314100.0,26.52
1635314400.0,26.53
1635314700.0,26.52
1635315000.0,26.54
1635315300.0,26.52
1635315600.0,26.54
1635315900.0,26.54
1635316200.0,26.54
1635316500.0,26.52
1635316800.0,26.54
1635317100.0,26.52
1635317400.0,26.53
1635317700.0,26.52
1635318000.0,26.52
1635318300.0,26.54
1635318600.0,26.55
1635318900.0,26.54
1635319200.0,26.55
1635319500.0,26.55
1635319800.0,26.56
1635320100.0,26.56
1635320400.0,26.56
1635320700.0,26.57
1635321000.0,26.57
1635321300.0,26.57
1635321600.0,26.58
1635321900.0,26.56
1635322200.0,26.6
1635322500.0,26.54
1635322800.0,26.55
1635323100.0,26.55
1635323400.0,26.57
1635323700.0,26.51
1635324000.0,26.56
1635324300.0,26.66
1635324600.0,26.72
1635324900.0,26.75
1635325200.0,26.7
1635325500.0,26.64
1635325800.0,26.63
1635326100.0,26.65
1635326400.0,26.65
1635326700.0,26.65
1635327000.0,26.65
1635327300.0,26.68
1635327600.0,26.66
1635327900.0,26.62
1635328200.0,26.66
1635328500.0,26.62
1635328800.0,26.56
1635329100.0,26.56
1635329400.0,26.59
1635329700.0,26.6
1635330000.0,26.61
1635330300.0,26.61
1635330600.0,26.61
1635330900.0,26.63
1635331200.0,26.61
1635331500.0,26.57
1635331800.0,26.57
1635332100.0,26.58
1635332400.0,26.63
1635332700.0,26.58
1635333000.0,26.56
1635333300.0,26.56
1635333600.0,26.48
1635333900.0,26.46
1635334200.0,26.51
1635334500.0,26.46
1635334800.0,26.51
1635335100.0,26.5
1635335400.0,26.51
1635335700.0,26.5
1635336000.0,26.5
1635336300.0,26.46
1635336600.0,26.44
1635336900.0,26.49
1635337200.0,26.47
1635337500.0,26.47
1635337800.0,26.49
1635338100.0,26.51
1635338400.0,26.51
1635338700.0,26.53
1635339000.0,26.54
1635339300.0,26.53
1635339600.0,26.56
1635339900.0,26.53
1635340200.0,26.5
1635340500.0,26.49
1635340800.0,26.5
1635341100.0,26.49
1635341400.0,26.5
1635341700.0,26.49
1635342000.0,26.5
1635342300.0,26.5
1635342600.0,26.49
1635342900.0,26.49
1635343200.0,26.5
1635343500.0,26.49
1635343800.0,26.49
1635344100.0,26.49
1635344400.0,26.48
1635344700.0,26.47
1635345000.0,26.48
1635345300.0,26.46
1635345600.0,26.45
1635345900.0,26.47
1635346200.0,26.5
1635346500.0,26.53
1635346800.0,26.53
1635347100.0,26.52
1635347400.0,26.54
1635347700.0,26.52
1635348000.0,26.52
1635348300.0,26.53
1635348600.0,26.53
1635348900.0,26.54
1635349200.0,26.53
1635349500.0,26.53
1635349800.0,26.53
1635350100.0,26.54
1635350400.0,26.56
1635350700.0,26.56
1635351000.0,26.57
1635351300.0,26.54
1635351600.0,26.55
1635351900.0,26.6
1635352200.0,26.6
1635352500.0,26.65
1635352800.0,26.65
1635353100.0,26.63
1635353400.0,26.63
1635353700.0,26.61
1635353700.0,26.61
1635354000.0,26.52
1635354300.0,26.51
1635354600.0,26.51
1635354900.0,26.51
1635355200.0,26.53
1635355500.0,26.51
1635355800.0,26.52
1635356100.0,26.51
1635356400.0,26.53
1635356700.0,26.53
1635357000.0,26.54
1635357300.0,26.53
1635357600.0,26.51
1635357900.0,26.52
1635358200.0,26.55
1635358500.0,26.53
1635358800.0,26.53
1635359100.0,26.54
1635359400.0,26.53
1635359700.0,26.55
1635360000.0,26.56
1635360300.0,26.56
1635360600.0,26.6
1635360900.0,26.6
1635361200.0,26.57
1635361500.0,26.55
1635361800.0,26.53
1635362100.0,26.5
1635362400.0,26.51
1635362700.0,26.49
1635363000.0,26.49
1635363300.0,26.47
1635363600.0,26.5
1635363900.0,26.46
1635364200.0,26.47
1635364500.0,26.48
1635364800.0,26.49
1635365100.0,26.52
1635365400.0,26.48
1635365700.0,26.5
1635366000.0,26.48
1635366300.0,26.48
1635366600.0,26.49
1635366900.0,26.5
1635367200.0,26.5
1635367500.0,26.47
1635367800.0,26.5
1635368100.0,26.49
1635368400.0,26.48
1635368700.0,26.46
1635369000.0,26.49
1635369300.0,26.5
1635369600.0,26.47
1635369900.0,26.48
1635370200.0,26.5
1635370500.0,26.5
1635370800.0,26.46
1635371100.0,26.48
1635371400.0,26.46
1635371700.0,26.47
1635372000.0,26.46
1635372300.0,26.46
1635372600.0,26.49
1635372900.0,26.5
1635373200.0,26.47
1635373500.0,26.48
1635373800.0,26.46
1635374100.0,26.46
1635374400.0,26.47
1635374700.0,26.47
1635375000.0,26.51
1635375300.0,26.48
1635375600.0,26.48
1635375900.0,26.48
1635376200.0,26.48
1635376500.0,26.49
1635376800.0,26.5
1635377100.0,26.52
1635377400.0,26.54
1635377700.0,26.54
1635378000.0,26.55
1635378300.0,26.54
1635378600.0,26.55
1635378900.0,26.56
1635379200.0,26.56
1635379500.0,26.57
1635379800.0,26.56
1635380100.0,26.57
1635380400.0,26.59
1635380700.0,26.59
1635381000.0,26.57
1635381300.0,26.57
1635381600.0,26.57
1635381900.0,26.57
1635382200.0,26.58
1635382500.0,26.58
1635382800.0,26.59
1635383100.0,26.59
1635383400.0,26.59
1635383700.0,26.59
1635384000.0,26.59
1635384300.0,26.58
1635384600.0,26.58
1635384900.0,26.58
1635385200.0,26.56
1635385500.0,26.57
1635385800.0,26.57
1635386100.0,26.57
1635386400.0,26.57
1635386700.0,26.56
1635387000.0,26.57
1635387300.0,26.57
1635387600.0,26.57
1635387900.0,26.57
1635388200.0,26.57
1635388500.0,26.57
1635388800.0,26.57
1635389100.0,26.57
1635389400.0,26.57
1635389700.0,26.57
1635390000.0,26.58
1635390300.0,26.57
1635390600.0,26.57
1635390900.0,26.58
1635391200.0,26.59
1635391500.0,26.56
1635391800.0,26.58
1635392100.0,26.54
1635392400.0,26.58
1635392700.0,26.53
1635393000.0,26.54
1635393300.0,26.55
1635393600.0,26.55
1635393900.0,26.53
1635394200.0,26.5
1635394500.0,26.47
1635394800.0,26.46
1635395100.0,26.46
1635395400.0,26.47
1635395700.0,26.46
1635396000.0,26.48
1635396300.0,26.48
1635396600.0,26.48
1635396900.0,26.48
1635397200.0,26.47
1635397500.0,26.46
1635397800.0,26.46
1635398100.0,26.45
1635398400.0,26.46
1635398700.0,26.46
1635399000.0,26.46
1635399300.0,26.46
1635399600.0,26.45
1635399900.0,26.47
1635400200.0,26.46
1635400500.0,26.45
1635400800.0,26.45
1635401100.0,26.46
1635401400.0,26.48
1635401700.0,26.45
1635402000.0,26.46
1635402300.0,26.44
1635402600.0,26.45
1635402900.0,26.44
1635403200.0,26.44
1635403500.0,26.43
1635403800.0,26.44
1635404100.0,26.44
1635404400.0,26.43
1635404700.0,26.43
1635405000.0,26.45
1635405300.0,26.44
1635405600.0,26.46
1635405900.0,26.41
1635406200.0,26.44
1635406500.0,26.46
1635406800.0,26.46
1635407100.0,26.43
1635407400.0,26.43
1635407700.0,26.41
1635408000.0,26.44
1635408300.0,26.43
1635408600.0,26.43
1635408900.0,26.44
1635409200.0,26.44
1635409500.0,26.42
1635409800.0,26.45
1635410100.0,26.45
1635410400.0,26.46
1635410700.0,26.46
1635411000.0,26.45
1635411300.0,26.45
1635411600.0,26.45
1635411900.0,26.47
1635412200.0,26.47
1635412500.0,26.47
1635412800.0,26.47
1635413100.0,26.46
1635413400.0,26.48
1635413700.0,26.48
1635414000.0,26.49
1635414300.0,26.47
1635414600.0,26.48
1635414900.0,26.49
1635415200.0,26.49
1635415500.0,26.48
1635415800.0,26.49
1635416100.0,26.47
1635416400.0,26.47
1635416700.0,26.46
1635417000.0,26.47
1635417300.0,26.48
1635417600.0,26.47
1635417900.0,26.47
1635418200.0,26.48
1635418500.0,26.48
1635418800.0,26.48
1635419100.0,26.47
1635419400.0,26.46
1635419700.0,26.46
1635420000.0,26.49
1635420300.0,26.47
1635420600.0,26.53
1635420900.0,26.5
1635421200.0,26.47
1635421500.0,26.44
1635421800.0,26.44
1635422100.0,26.46
1635422400.0,26.45
1635422700.0,26.42
1635423000.0,26.43
1635423300.0,26.45
1635423600.0,26.42
1635423900.0,26.46
1635424200.0,26.42
1635424500.0,26.45
1635424800.0,26.47
1635425100.0,26.41
1635425400.0,26.42
1635425700.0,26.42
1635426000.0,26.46
1635426300.0,26.46
1635426600.0,26.47
1635426900.0,26.46
1635427200.0,26.42
1635427500.0,26.43
1635427800.0,26.43
1635428100.0,26.44
1635428400.0,26.44
1635428700.0,26.54
1635429000.0,26.6
1635429300.0,26.45
1635429600.0,26.43
1635429900.0,26.46
1635430200.0,26.47
1635430500.0,26.45
1635430800.0,26.46
1635431100.0,26.46
1635431400.0,26.46
1635431700.0,26.49
1635432000.0,26.5
1635432300.0,26.49
1635432600.0,26.58
1635432900.0,26.59
1635433200.0,26.58
1635433500.0,26.58
1635433800.0,26.57
1635434100.0,26.56
1635434400.0,26.57
1635434700.0,26.57
1635435000.0,26.46
1635435300.0,26.47
1635435600.0,26.46
1635435900.0,26.42
1635436200.0,26.43
1635436500.0,26.44
1635436800.0,26.46
1635437100.0,26.42
1635437400.0,26.44
1635437700.0,26.45
1635438000.0,26.44
1635438300.0,26.45
1635438600.0,26.45
1635438900.0,26.45
1635439200.0,26.44
1635439500.0,26.43
1635439800.0,26.42
1635440100.0,26.43
1635440400.0,26.41
1635440700.0,26.44
1635441000.0,26.42
1635441300.0,26.45
1635441600.0,26.42
1635441900.0,26.43
1635442200.0,26.41
1635442500.0,26.42
1635442800.0,26.44
1635443100.0,26.41
1635443400.0,26.45
1635443700.0,26.43
1635444000.0,26.42
1635444300.0,26.42
1635444600.0,26.43
1635444900.0,26.43
1635445200.0,26.43
1635445500.0,26.45
1635445800.0,26.45
1635446100.0,26.44
1635446400.0,26.44
1635446700.0,26.41
1635447000.0,26.44
1635447300.0,26.43
1635447600.0,26.44
1635447900.0,26.44
1635448200.0,26.43
1635448500.0,26.45
1635448800.0,26.45
1635449100.0,26.45
1635449400.0,26.44
1635449700.0,26.45
1635450000.0,26.43
1635450300.0,26.46
1635450600.0,26.43
1635450900.0,26.44
1635451200.0,26.43
1635451500.0,26.42
1635451800.0,26.43
1635452100.0,26.44
1635452400.0,26.45
1635452700.0,26.43
1635453000.0,26.43
1635453300.0,26.44
1635453600.0,26.43
1635453900.0,26.44
1635454200.0,26.43
1635454500.0,26.43
1635454800.0,26.45
1635455100.0,26.42
1635455400.0,26.45
1635455700.0,26.44
1635456000.0,26.44
1635456300.0,26.44
1635456600.0,26.42
1635456900.0,26.45
1635457200.0,26.43
1635457500.0,26.44
1635457800.0,26.44
1635458100.0,26.43
1635458400.0,26.42
1635458700.0,26.44
1635459000.0,26.43
1635459300.0,26.42
1635459600.0,26.42
1635459900.0,26.44
1635460200.0,26.41
1635460500.0,26.42
1635460800.0,26.4
1635461100.0,26.41
1635461400.0,26.42
1635461700.0,26.41
1635462000.0,26.42
1635462300.0,26.45
1635462600.0,26.42
1635462900.0,26.42
1635463200.0,26.42
1635463500.0,26.43
1635463800.0,26.42
1635464100.0,26.44
1635464400.0,26.44
1635464700.0,26.42
1635465000.0,26.44
1635465300.0,26.44
1635465600.0,26.44
1635465900.0,26.42
1635466200.0,26.44
1635466500.0,26.44
1635466800.0,26.44
1635467100.0,26.44
1635467400.0,26.44
1635467700.0,26.44
1635468000.0,26.44
1635468300.0,26.44
1635468600.0,26.44
1635468900.0,26.44
1635469200.0,26.44
1635469500.0,26.42
1635469800.0,26.44
1635470100.0,26.42
1635470400.0,26.44
1635470700.0,26.44
1635471000.0,26.43
1635471300.0,26.43
1635471600.0,26.43
1635471900.0,26.43
1635472200.0,26.43
1635472500.0,26.43
1635472800.0,26.44
1635473100.0,26.44
1635473400.0,26.44
1635473700.0,26.44
1635474000.0,26.44
1635474300.0,26.44
1635474600.0,26.44
1635474900.0,26.43
1635475200.0,26.43
1635475500.0,26.42
1635475800.0,26.44
1635476100.0,26.43
1635476400.0,26.43
1635476700.0,26.43
1635477000.0,26.43
1635477300.0,26.44
1635477600.0,26.43
1635477900.0,26.42
1635478200.0,26.42
1635478500.0,26.44
1635478800.0,26.41
1635479100.0,26.42
1635479400.0,26.44
1635479700.0,26.43
1635480000.0,26.42
1635480300.0,26.43
1635480600.0,26.44
1635480900.0,26.43
1635481200.0,26.43
1635481500.0,26.43
1635481800.0,26.43
1635482100.0,26.44
1635482400.0,26.42
1635482700.0,26.43
1635483000.0,26.41
1635483300.0,26.44
1635483600.0,26.43
1635483900.0,26.43
1635484200.0,26.42
1635484500.0,26.41
1635484800.0,26.42
1635485100.0,26.41
1635485400.0,26.44
1635485700.0,26.44
1635486000.0,26.43
1635486300.0,26.4
1635486600.0,26.43
1635486900.0,26.4
1635487200.0,26.4
1635487500.0,26.39
1635487800.0,26.44
1635488100.0,26.42
1635488400.0,26.42
1635488700.0,26.44
1635489000.0,26.43
1635489300.0,26.43
1635489600.0,26.44
1635489900.0,26.44
1635490200.0,26.44
1635490500.0,26.42
1635490800.0,26.43
1635491100.0,26.43
1635491400.0,26.43
1635491700.0,26.42
1635492000.0,26.42
1635492300.0,26.43
1635492600.0,26.43
1635492900.0,26.45
1635493200.0,26.44
1635493500.0,26.44
1635493800.0,26.41
1635494100.0,26.43
1635494400.0,26.42
1635494700.0,26.41
1635495000.0,26.41
1635495300.0,26.41
1635495600.0,26.41
1635495900.0,26.41
1635496200.0,26.43
1635496500.0,26.44
1635496800.0,26.44
1635497100.0,26.43
1635497400.0,26.43
1635497700.0,26.42
1635498000.0,26.42
1635498300.0,26.42
1635498600.0,26.43
1635498900.0,26.43
1635499200.0,26.42
1635499500.0,26.42
1635499800.0,26.42
1635500100.0,26.42
1635500400.0,26.43
1635500700.0,26.43
1635501000.0,26.42
1635501300.0,26.42
1635501600.0,26.43
1635501900.0,26.42
1635502200.0,26.43
1635502500.0,26.43
1635502800.0,26.43
1635503100.0,26.43
1635503400.0,26.43
1635503400.0,26.43
1635503700.0,26.42
1635504000.0,26.42
1635504300.0,26.43
1635504600.0,26.42
1635504900.0,26.47
1635505200.0,26.49
1635505500.0,26.44
1635505800.0,26.42
1635506100.0,26.45
1635506400.0,26.42
1635506700.0,26.37
1635507000.0,26.37
1635507300.0,26.36
1635507600.0,26.37
1635507900.0,26.37
1635508200.0,26.35
1635508500.0,26.35
1635508800.0,26.37
1635509100.0,26.37
1635509400.0,26.36
1635509700.0,26.35
1635510000.0,26.35
1635510300.0,26.36
1635510600.0,26.36
1635510900.0,26.37
1635511200.0,26.36
1635511500.0,26.37
1635511800.0,26.37
1635512100.0,26.36
1635512400.0,26.36
1635512700.0,26.37
1635513000.0,26.37
1635513300.0,26.36
1635513600.0,26.36
1635513900.0,26.34
1635514200.0,26.35
1635514500.0,26.36
1635514800.0,26.35
1635515100.0,26.34
1635515400.0,26.34
1635515700.0,26.35
1635516000.0,26.35
1635516300.0,26.35
1635516600.0,26.35
1635516900.0,26.33
1635517200.0,26.35
1635517500.0,26.34
1635517800.0,26.34
1635518100.0,26.35
1635518400.0,26.34
1635518700.0,26.34
1635519000.0,26.35
1635519300.0,26.34
1635519600.0,26.35
1635519900.0,26.33
1635520200.0,26.34
1635520500.0,26.34
1635520800.0,26.35
1635521100.0,26.35
1635521400.0,26.35
1635521700.0,26.35
1635522000.0,26.34
1635522300.0,26.36
1635522600.0,26.33
1635522900.0,26.4
1635523200.0,26.42
1635523500.0,26.43
1635523800.0,26.43
1635524100.0,26.43
1635524400.0,26.4
1635524700.0,26.39
1635525000.0,26.38
1635525300.0,26.39
1635525600.0,26.39
1635525900.0,26.36
1635526200.0,26.39
1635526500.0,26.36
1635526800.0,26.36
1635527100.0,26.34
1635527400.0,26.35
1635527700.0,26.38
1635528000.0,26.38
1635528300.0,26.35
1635528600.0,26.38
1635528900.0,26.39
1635529200.0,26.39
1635529500.0,26.38
1635529800.0,26.39
1635530100.0,26.38
1635530400.0,26.35
1635530700.0,26.38
1635531000.0,26.36
1635531300.0,26.36
1635531600.0,26.39
1635531900.0,26.41
1635532200.0,26.42
1635532500.0,26.4
1635532800.0,26.42
1635533100.0,26.41
1635533400.0,26.4
1635533700.0,26.4
1635534000.0,26.41
1635534300.0,26.39
1635534600.0,26.38
1635534900.0,26.39
1635535200.0,26.39
1635535500.0,26.39
1635535800.0,26.38
1635536100.0,26.36
1635536400.0,26.38
1635536700.0,26.35
1635537000.0,26.35
1635537300.0,26.35
1635537600.0,26.36
1635537900.0,26.36
1635538200.0,26.2
1635538500.0,26.34
1635538800.0,26.34
1635539100.0,26.24
1635539400.0,26.34
1635539700.0,26.34
1635540000.0,26.43
1635540300.0,26.34
1635540600.0,26.33
1635540900.0,26.34
1635541200.0,26.38
1635541500.0,26.38
1635541800.0,26.34
1635542100.0,26.39
1635542400.0,26.34
1635542700.0,26.39
1635543000.0,26.39
1635543300.0,26.39
1635543600.0,26.32
1635543900.0,26.31
1635544200.0,26.36
1635544500.0,26.36
1635544800.0,26.31
1635545100.0,26.29
1635545400.0,26.3
1635545700.0,26.36
1635546000.0,26.39
1635546300.0,26.39
1635546600.0,26.33
1635546900.0,26.38
1635547200.0,26.39
1635547500.0,26.3
1635547800.0,26.29
1635548100.0,26.29
1635548400.0,26.37
1635548700.0,26.38
1635549000.0,26.3
1635549300.0,26.29
1635549600.0,26.38
1635549900.0,26.38
1635550200.0,26.37
1635550500.0,26.31
1635550800.0,26.31
1635551100.0,26.31
1635551400.0,26.31
1635551700.0,26.31
1635552000.0,26.31
1635552300.0,26.31
1635552600.0,26.37
1635552900.0,26.37
1635553200.0,26.31
1635553500.0,26.35
1635553800.0,26.35
1635554100.0,26.35
1635554400.0,26.35
1635554700.0,26.31
1635555000.0,26.3
1635555300.0,26.3
1635555600.0,26.35
1635555900.0,26.3
1635556200.0,26.3
1635556500.0,26.3
1635556800.0,26.3
1635557100.0,26.3
1635557400.0,26.3
1635557700.0,26.37
1635558000.0,26.37
1635558300.0,26.32
1635558600.0,26.37
1635558900.0,26.32
1635559200.0,26.37
1635559500.0,26.37
1635559800.0,26.37
1635560100.0,26.37
1635560400.0,26.35
1635560700.0,26.35
1635561000.0,26.35
1635561300.0,26.35
1635561600.0,26.35
1635561900.0,26.35
1635562200.0,26.35
1635562500.0,26.32
1635562800.0,26.3
1635563100.0,26.3
1635563400.0,26.35
1635563700.0,26.35
1635564000.0,26.35
1635564300.0,26.35
1635564600.0,26.37
1635564900.0,26.31
1635565200.0,26.37
1635565500.0,26.31
1635565800.0,26.37
1635566100.0,26.37
1635566400.0,26.37
1635566700.0,26.37
1635567000.0,26.37
1635567300.0,26.37
1635567600.0,26.31
1635567900.0,26.38
1635568200.0,26.38
1635568500.0,26.38
1635568800.0,26.38
1635569100.0,26.31
1635569400.0,26.26
1635569700.0,26.26
1635570000.0,26.26
1635570300.0,26.27
1635570600.0,26.32
1635570900.0,26.27
1635571200.0,26.29
1635571500.0,26.37
1635571800.0,26.34
1635572100.0,26.36
1635572400.0,26.38
1635572700.0,26.36
1635573000.0,26.35
1635573300.0,26.35
1635573600.0,26.36
1635573900.0,26.36
1635574200.0,26.34
1635574500.0,26.36
1635574800.0,26.34
1635575100.0,26.36
1635575400.0,26.33
1635575700.0,26.33
1635576000.0,26.33
1635576300.0,26.38
1635576600.0,26.34
1635576900.0,26.38
1635577200.0,26.37
1635577500.0,26.34
1635577800.0,26.34
1635578100.0,26.36
1635578400.0,26.34
1635578700.0,26.35
1635579000.0,26.33
1635579300.0,26.36
1635579600.0,26.36
1635579900.0,26.36
1635580200.0,26.35
1635580500.0,26.35
1635580800.0,26.36
1635581100.0,26.34
1635581400.0,26.33
1635581700.0,26.35
1635582000.0,26.36
1635582300.0,26.34
1635582600.0,26.34
1635582900.0,26.36
1635583200.0,26.38
1635583500.0,26.38
1635583800.0,26.34
1635584100.0,26.36
1635584400.0,26.38
1635584700.0,26.33
1635585000.0,26.36
1635585300.0,26.36
1635585600.0,26.35
1635585900.0,26.35
1635586200.0,26.36
1635586500.0,26.34
1635586800.0,26.36
1635587100.0,26.35
1635587400.0,26.35
1635587700.0,26.37
1635588000.0,26.35
1635588300.0,26.36
1635588600.0,26.36
1635588900.0,26.35
1635589200.0,26.36
1635589500.0,26.37
1635589800.0,26.35
1635590100.0,26.36
1635590400.0,26.37
1635590700.0,26.37
1635591000.0,26.37
1635591300.0,26.37
1635591600.0,26.38
1635591900.0,26.37
1635592200.0,26.39
1635592500.0,26.4
1635592800.0,26.37
1635593100.0,26.34
1635593400.0,26.37
1635593700.0,26.34
1635594000.0,26.37
1635594300.0,26.37
1635594600.0,26.38
1635594900.0,26.35
1635595200.0,26.34
1635595500.0,26.34
1635595800.0,26.34
1635596100.0,26.38
1635596400.0,26.38
1635596700.0,26.35
1635597000.0,26.35
1635597300.0,26.38
1635597600.0,26.37
1635597900.0,26.38
1635598200.0,26.39
1635598500.0,26.36
1635598800.0,26.36
1635599100.0,26.36
1635599400.0,26.37
1635599700.0,26.36
1635600000.0,26.37
1635600300.0,26.36
1635600600.0,26.36
1635600900.0,26.37
1635601200.0,26.36
1635601500.0,26.39
1635601800.0,26.36
1635602100.0,26.39
1635602400.0,26.39
1635602700.0,26.36
1635603000.0,26.35
1635603300.0,26.35
1635603600.0,26.34
1635603900.0,26.37
1635604200.0,26.33
1635604500.0,26.32
1635604800.0,26.35
1635605100.0,26.33
1635605400.0,26.33
1635605700.0,26.33
1635606000.0,26.33
1635606300.0,26.33
1635606600.0,26.33
1635606900.0,26.35
1635607200.0,26.32
1635607500.0,26.35
1635607800.0,26.37
1635608100.0,26.33
1635608400.0,26.33
1635608700.0,26.38
1635609000.0,26.34
1635609300.0,26.35
1635609600.0,26.38
1635609900.0,26.35
1635610200.0,26.39
1635610500.0,26.37
1635610800.0,26.36
1635611100.0,26.36
1635611400.0,26.36
1635611700.0,26.36
1635612000.0,26.35
1635612300.0,26.35
1635612600.0,26.35
1635612900.0,26.34
1635613200.0,26.38
1635613500.0,26.38
1635613800.0,26.35
1635614100.0,26.35
1635614400.0,26.35
1635614700.0,26.37
1635615000.0,26.35
1635615300.0,26.38
1635615600.0,26.35
1635615900.0,26.37
1635616200.0,26.37
1635616500.0,26.38
1635616800.0,26.38
1635617100.0,26.35
1635617400.0,26.35
1635617700.0,26.36
1635618000.0,26.37
1635618300.0,26.37
1635618600.0,26.37
1635618900.0,26.34
1635619200.0,26.34
1635619500.0,26.34
1635619800.0,26.33
1635620100.0,26.34
1635620400.0,26.34
1635620700.0,26.34
1635621000.0,26.36
1635621300.0,26.34
1635621600.0,26.35
1635621900.0,26.36
1635622200.0,26.36
1635622500.0,26.34
1635622800.0,26.34
1635623100.0,26.32
1635623400.0,26.34
1635623700.0,26.35
1635624000.0,26.34
1635624300.0,26.33
1635624600.0,26.34
1635624900.0,26.35
1635625200.0,26.35
1635625500.0,26.35
1635625800.0,26.33
1635626100.0,26.35
1635626400.0,26.33
1635626700.0,26.33
1635627000.0,26.33
1635627300.0,26.35
1635627600.0,26.35
1635627900.0,26.34
1635628200.0,26.34
1635628500.0,26.34
1635628800.0,26.36
1635629100.0,26.33
1635629400.0,26.33
1635629700.0,26.34
1635630000.0,26.34
1635630300.0,26.36
1635630600.0,26.36
1635630900.0,26.35
1635631200.0,26.36
1635631500.0,26.36
1635631800.0,26.34
1635632100.0,26.35
1635632400.0,26.33
1635632700.0,26.35
1635633000.0,26.36
1635633300.0,26.36
1635633600.0,26.33
1635633900.0,26.36
1635634200.0,26.32
1635634500.0,26.36
1635634800.0,26.33
1635635100.0,26.34
1635635400.0,26.37
1635635700.0,26.37
1635636000.0,26.32
1635636300.0,26.32
1635636600.0,26.32
1635636900.0,26.32
1635637200.0,26.32
1635637500.0,26.32
1635637800.0,26.32
1635638100.0,26.35
1635638400.0,26.35
1635638700.0,26.35
1635639000.0,26.36
1635639300.0,26.33
1635639600.0,26.34
1635639900.0,26.34
1635640200.0,26.33
1635640500.0,26.32
1635640800.0,26.32
1635641100.0,26.32
1635641400.0,26.32
1635641700.0,26.32
1635642000.0,26.35
1635642300.0,26.36
1635642600.0,26.36
1635642900.0,26.36
1635643200.0,26.36
1635643500.0,26.37
1635643800.0,26.36
1635644100.0,26.35
1635644400.0,26.35
1635644700.0,26.35
1635645000.0,26.36
1635645300.0,26.36
1635645600.0,26.36
1635645900.0,26.33
1635646200.0,26.35
1635646500.0,26.33
1635646800.0,26.33
1635647100.0,26.33
1635647400.0,26.33
1635647700.0,26.34
1635648000.0,26.35
1635648300.0,26.34
1635648600.0,26.34
1635648900.0,26.34
1635649200.0,26.34
1635649500.0,26.34
1635649800.0,26.34
1635650100.0,26.34
1635650400.0,26.35
1635650700.0,26.35
1635651000.0,26.35
1635651300.0,26.35
1635651600.0,26.32
1635651900.0,26.32
1635652200.0,26.33
1635652500.0,26.34
1635652800.0,26.34
1635653100.0,26.34
1635653100.0,26.34
1635653400.0,26.34
1635653700.0,26.35
1635654000.0,26.35
1635654300.0,26.35
1635654600.0,26.32
1635654900.0,26.33
1635655200.0,26.32
1635655500.0,26.34
1635655800.0,26.35
1635656100.0,26.35
1635656400.0,26.34
1635656700.0,26.33
1635657000.0,26.33
1635657300.0,26.33
1635657600.0,26.33
1635657900.0,26.34
1635658200.0,26.33
1635658500.0,26.34
1635658800.0,26.34
1635659100.0,26.34
1635659400.0,26.33
1635659700.0,26.33
1635660000.0,26.33
1635660300.0,26.34
1635660600.0,26.29
1635660900.0,26.34
1635661200.0,26.35
1635661500.0,26.33
1635661800.0,26.32
1635662100.0,26.32
1635662400.0,26.33
1635662700.0,26.33
1635663000.0,26.33
1635663300.0,26.35
1635663600.0,26.33
1635663900.0,26.36
1635664200.0,26.34
1635664500.0,26.36
1635664800.0,26.36
1635665100.0,26.35
1635665400.0,26.36
1635665700.0,26.34
1635666000.0,26.35
1635666300.0,26.34
1635666600.0,26.35
1635666900.0,26.35
1635667200.0,26.35
1635667500.0,26.35
1635667800.0,26.35
1635668100.0,26.34
1635668400.0,26.35
1635668700.0,26.34
1635669000.0,26.34
1635669300.0,26.34
1635669600.0,26.35
1635669900.0,26.34
1635670200.0,26.34
1635670500.0,26.34
1635670800.0,26.34
1635671100.0,26.35
1635671400.0,26.35
1635671700.0,26.34
1635672000.0,26.33
1635672300.0,26.34
1635672600.0,26.33
1635672900.0,26.35
1635673200.0,26.35
1635673500.0,26.33
1635673800.0,26.35
1635674100.0,26.32
1635674400.0,26.32
1635674700.0,26.35
1635675000.0,26.36
1635675300.0,26.34
1635675600.0,26.34
1635675900.0,26.36
1635676200.0,26.36
1635676500.0,26.36
1635676800.0,26.35
1635677100.0,26.36
1635677400.0,26.36
1635677700.0,26.35
1635678000.0,26.36
1635678300.0,26.34
1635678600.0,26.34
1635678900.0,26.34
1635679200.0,26.36
1635679500.0,26.35
1635679800.0,26.34
1635680100.0,26.34
1635680400.0,26.34
1635680700.0,26.35
1635681000.0,26.3
1635681300.0,26.36
1635681600.0,26.32
1635681900.0,26.33
1635682200.0,26.35
1635682500.0,26.34
1635682800.0,26.36
1635683100.0,26.36
1635683400.0,26.35
1635683700.0,26.35
1635684000.0,26.35
1635684300.0,26.35
1635684600.0,26.36
1635684900.0,26.36
1635685200.0,26.35
1635685500.0,26.36
1635685800.0,26.35
1635686100.0,26.36
1635686400.0,26.34
1635686700.0,26.34
1635687000.0,26.36
1635687300.0,26.35
1635687600.0,26.35
1635687900.0,26.36
1635688200.0,26.36
1635688500.0,26.36
1635688800.0,26.35
1635689100.0,26.35
1635689400.0,26.35
1635689700.0,26.34
1635690000.0,26.34
1635690300.0,26.35
1635690600.0,26.34
1635690900.0,26.36
1635691200.0,26.34
1635691500.0,26.36
1635691800.0,26.36
1635692100.0,26.35
1635692400.0,26.37
1635692700.0,26.34
1635693000.0,26.34
1635693300.0,26.35
1635693600.0,26.35
1635693900.0,26.34
1635694200.0,26.35
1635694500.0,26.35
1635694800.0,26.35
1635695100.0,26.34
1635695400.0,26.38
1635695700.0,26.37
1635696000.0,26.34
1635696300.0,26.34
1635696600.0,26.33
1635696900.0,26.36
1635697200.0,26.35
1635697500.0,26.35
1635697800.0,26.37
1635698100.0,26.34
1635698400.0,26.34
1635698700.0,26.37
1635699000.0,26.36
1635699300.0,26.36
1635699600.0,26.34
1635699900.0,26.34
1635700200.0,26.34
1635700500.0,26.36
1635700800.0,26.35
1635701100.0,26.34
1635701400.0,26.35
1635701700.0,26.35
1635702000.0,26.35
1635702300.0,26.35
1635702600.0,26.35
1635702900.0,26.35
1635703200.0,26.34
1635703500.0,26.34
1635703800.0,26.34
1635704100.0,26.34
1635704400.0,26.34
1635704700.0,26.33
1635705000.0,26.36
1635705300.0,26.35
1635705600.0,26.34
1635705900.0,26.35
1635706200.0,26.35
1635706500.0,26.35
1635706800.0,26.35
1635707100.0,26.34
1635707400.0,26.35
1635707700.0,26.34
1635708000.0,26.35
1635708300.0,26.33
1635708600.0,26.34
1635708900.0,26.36
1635709200.0,26.34
1635709500.0,26.34
1635709800.0,26.36
1635710100.0,26.34
1635710400.0,26.34
1635710700.0,26.34
1635711000.0,26.35
1635711300.0,26.35
1635711600.0,26.33
1635711900.0,26.25
1635712200.0,26.32
1635712500.0,26.35
1635712800.0,26.33
1635713100.0,26.34
1635713400.0,26.33
1635713700.0,26.34
1635714000.0,26.36
1635714300.0,26.38
1635714600.0,26.38
1635714900.0,26.36
1635715200.0,26.35
1635715500.0,26.36
1635715800.0,26.36
1635716100.0,26.36
1635716400.0,26.37
1635716700.0,26.36
1635717000.0,26.38
1635717300.0,26.32
1635717600.0,26.35
1635717900.0,26.37
1635718200.0,26.37
1635718500.0,26.36
1635718800.0,26.35
1635719100.0,26.36
1635719400.0,26.36
1635719700.0,26.38
1635720000.0,26.38
1635720300.0,26.32
1635720600.0,26.36
1635720900.0,26.34
1635721200.0,26.35
1635721500.0,26.35
1635721800.0,26.36
1635722100.0,26.37
1635722400.0,26.38
1635722700.0,26.38
1635723000.0,26.36
1635723300.0,26.36
1635723600.0,26.36
1635723900.0,26.36
1635724200.0,26.36
1635724500.0,26.35
1635724800.0,26.38
1635725100.0,26.38
1635725400.0,26.38
1635725700.0,26.38
1635726000.0,26.36
1635726300.0,26.34
1635726600.0,26.34
1635726900.0,26.35
1635727200.0,26.34
1635727500.0,26.34
1635727800.0,26.35
1635728100.0,26.36
1635728400.0,26.37
1635728700.0,26.38
1635729000.0,26.35
1635729300.0,26.36
1635729600.0,26.35
1635729900.0,26.38
1635730200.0,26.38
1635730500.0,26.36
1635730800.0,26.36
1635731100.0,26.36
1635731400.0,26.34
1635731700.0,26.34
1635732000.0,26.34
1635732300.0,26.36
1635732600.0,26.37
1635732900.0,26.35
1635733200.0,26.37
1635733500.0,26.37
1635733800.0,26.37
1635734100.0,26.37
1635734400.0,26.37
1635734700.0,26.36
1635735000.0,26.37
1635735300.0,26.35
1635735600.0,26.35
1635735900.0,26.35
1635736200.0,26.35
1635736500.0,26.37
1635736800.0,26.38
1635737100.0,26.38
1635737400.0,26.38
1635737700.0,26.38
1635738000.0,26.38
1635738300.0,26.38
1635738600.0,26.38
1635738900.0,26.38
1635739200.0,26.36
1635739500.0,26.38
1635739800.0,26.37
1635740100.0,26.38
1635740400.0,26.38
1635740700.0,26.38
1635741000.0,26.37
1635741300.0,26.37
1635741600.0,26.38
1635741900.0,26.38
1635742200.0,26.37
1635742500.0,26.37
1635742800.0,26.37
1635743100.0,26.37
1635743400.0,26.38
1635743700.0,26.37
1635744000.0,26.38
1635744300.0,26.38
1635744600.0,26.38
1635744900.0,26.38
1635745200.0,26.38
1635745500.0,26.38
1635745800.0,26.38
1635746100.0,26.39
1635746400.0,26.39
1635746700.0,26.42
1635747000.0,26.43
1635747300.0,26.44
1635747600.0,26.44
1635747900.0,26.43
1635748200.0,26.45
1635748500.0,26.45
1635748800.0,26.45
1635749100.0,26.44
1635749400.0,26.47
1635749700.0,26.44
1635750000.0,26.44
1635750300.0,26.45
1635750600.0,26.46
1635750900.0,26.45
1635751200.0,26.45
1635751500.0,26.46
1635751800.0,26.46
1635752100.0,26.46
1635752400.0,26.45
1635752700.0,26.46
1635753000.0,26.47
1635753300.0,26.46
1635753600.0,26.46
1635753900.0,26.46
1635754200.0,26.46
1635754500.0,26.47
1635754800.0,26.46
1635755100.0,26.49
1635755400.0,26.48
1635755700.0,26.49
1635756000.0,26.49
1635756300.0,26.47
1635756600.0,26.49
1635756900.0,26.48
1635757200.0,26.47
1635757500.0,26.49
1635757800.0,26.46
1635758100.0,26.46
1635758400.0,26.46
1635758700.0,26.47
1635759000.0,26.47
1635759300.0,26.48
1635759600.0,26.47
1635759900.0,26.46
1635760200.0,26.46
1635760500.0,26.45
1635760800.0,26.45
1635761100.0,26.44
1635761400.0,26.43
1635761700.0,26.44
1635762000.0,26.43
1635762300.0,26.45
1635762600.0,26.45
1635762900.0,26.45
1635763200.0,26.45
1635763500.0,26.46
1635763800.0,26.48
1635764100.0,26.47
1635764400.0,26.47
1635764700.0,26.5
1635765000.0,26.51
1635765300.0,26.51
1635765600.0,26.51
1635765900.0,26.52
1635766200.0,26.5
1635766500.0,26.53
1635766800.0,26.51
1635767100.0,26.51
1635767400.0,26.5
1635767700.0,26.49
1635768000.0,26.49
1635768300.0,26.49
1635768600.0,26.5
1635768900.0,26.51
1635769200.0,26.5
1635769500.0,26.48
1635769800.0,26.49
1635770100.0,26.51
1635770400.0,26.52
1635770700.0,26.51
1635771000.0,26.51
1635771300.0,26.5
1635771600.0,26.5
1635771900.0,26.5
1635772200.0,26.52
1635772500.0,26.49
1635772800.0,26.47
1635773100.0,26.51
1635773400.0,26.5
1635773700.0,26.5
1635774000.0,26.49
1635774300.0,26.48
1635774600.0,26.49
1635774900.0,26.5
1635775200.0,26.47
1635775500.0,26.48
1635775800.0,26.46
1635776100.0,26.45
1635776400.0,26.44
1635776700.0,26.4
1635777000.0,26.39
1635777300.0,26.37
1635777600.0,26.38
1635777900.0,26.38
1635778200.0,26.38
1635778500.0,26.43
1635778800.0,26.41
1635779100.0,26.41
1635779400.0,26.39
1635779700.0,26.42
1635780000.0,26.4
1635780300.0,26.39
1635780600.0,26.4
1635780900.0,26.42
1635781200.0,26.43
1635781500.0,26.43
1635781800.0,26.41
1635782100.0,26.41
1635782400.0,26.41
1635782700.0,26.42
1635783000.0,26.41
1635783300.0,26.39
1635783600.0,26.39
1635783900.0,26.37
1635784200.0,26.38
1635784500.0,26.39
1635784800.0,26.41
1635785100.0,26.41
1635785400.0,26.43
1635785700.0,26.42
1635786000.0,26.43
1635786300.0,26.41
1635786600.0,26.43
1635786900.0,26.44
1635787200.0,26.46
1635787500.0,26.44
1635787800.0,26.43
1635788100.0,26.42
1635788400.0,26.44
1635788700.0,26.44
1635789000.0,26.44
1635789300.0,26.44
1635789600.0,26.42
1635789900.0,26.44
1635790200.0,26.43
1635790500.0,26.42
1635790800.0,26.39
1635791100.0,26.37
1635791400.0,26.42
1635791700.0,26.43
1635792000.0,26.42
1635792300.0,26.38
1635792600.0,26.41
1635792900.0,26.4
1635793200.0,26.41
1635793500.0,26.42
1635793800.0,26.41
1635794100.0,26.42
1635794400.0,26.41
1635794700.0,26.42
1635795000.0,26.4
1635795300.0,26.42
1635795600.0,26.39
1635795900.0,26.4
1635796200.0,26.39
1635796500.0,26.41
1635796800.0,26.4
1635797100.0,26.4
1635797400.0,26.38
1635797700.0,26.38
1635798000.0,26.4
1635798300.0,26.4
1635798600.0,26.4
1635798900.0,26.42
1635799200.0,26.43
1635799500.0,26.45
1635799800.0,26.47
1635800100.0,26.48
1635800400.0,26.46
1635800700.0,26.52
1635801000.0,26.52
1635801300.0,26.52
1635801600.0,26.53
1635801900.0,26.51
1635802200.0,26.48
1635802500.0,26.49
1635802800.0,26.48
